7 0.15492591261863708 0.5552728772163391 0.20096853375434875 0.24997550249099731 0.8366938233375549
7 0.6250710487365723 0.6538547277450562 0.07291660457849503 0.14463229477405548 0.7773652672767639
5 0.3747461438179016 0.5937740802764893 0.09909877926111221 0.24116040766239166 0.6403763294219971
2 0.5424528121948242 0.7451481223106384 0.07618389278650284 0.12429589033126831 0.6077156662940979
2 0.503393828868866 0.43804600834846497 0.02197418175637722 0.05278286337852478 0.3831818103790283
7 0.37530821561813354 0.5930694937705994 0.10089893639087677 0.24134716391563416 0.36939698457717896
0 0.8932873010635376 0.827601432800293 0.040937043726444244 0.11094088852405548 0.33214306831359863
3 0.8927899599075317 0.8305326700210571 0.043259430676698685 0.10821635276079178 0.2817026972770691
5 0.39643383026123047 0.42487818002700806 0.041027069091796875 0.06120486930012703 0.26049187779426575
3 0.8954435586929321 0.8466256260871887 0.039037324488162994 0.0781894251704216 0.2527076005935669
0 0.8959866762161255 0.8167893886566162 0.03405151516199112 0.09145999699831009 0.25191131234169006
