7 0.16736525297164917 0.574549674987793 0.1971152126789093 0.2528950870037079 0.833363950252533
2 0.6857296228408813 0.7938835024833679 0.10991287231445312 0.15950453281402588 0.7332102656364441
2 0.6335831880569458 0.5629535913467407 0.04208097606897354 0.057378727942705154 0.6557488441467285
2 0.44910842180252075 0.47972917556762695 0.03690776973962784 0.060786861926317215 0.4903678596019745
7 0.5266144871711731 0.5150499939918518 0.03326721116900444 0.08387688547372818 0.3755597472190857
2 0.827366054058075 0.5416976809501648 0.0493532195687294 0.04231363907456398 0.3473395109176636
7 0.4495430588722229 0.4799758791923523 0.03523235395550728 0.05904541164636612 0.3151780962944031
5 0.40501633286476135 0.44553765654563904 0.03978395462036133 0.0615098737180233 0.2676524817943573
7 0.4018893241882324 0.4473681151866913 0.035736631602048874 0.06295538693666458 0.26135584712028503
2 0.5267218351364136 0.5146617889404297 0.03360939025878906 0.08407533168792725 0.26034656167030334
