7 0.165927916765213 0.5645570755004883 0.1948099434375763 0.24995829164981842 0.8370603919029236
5 0.33006757497787476 0.556395411491394 0.09739689528942108 0.1775868684053421 0.5923534631729126
7 0.34648987650871277 0.7450041174888611 0.16149219870567322 0.3055410087108612 0.4664575159549713
0 0.6677583456039429 0.5907655358314514 0.018065642565488815 0.056913334876298904 0.4324159026145935
2 0.537253201007843 0.4800815284252167 0.026418304070830345 0.04986775666475296 0.4149821996688843
2 0.4422815442085266 0.4379044473171234 0.017649460583925247 0.04981604591012001 0.3823976218700409
5 0.4019050598144531 0.43596887588500977 0.03838653489947319 0.06010403111577034 0.3474200963973999
2 0.4441143870353699 0.49219080805778503 0.022873496636748314 0.03221113234758377 0.28152039647102356
0 0.9748616218566895 0.8907713294029236 0.049646567553281784 0.12617391347885132 0.25554224848747253
7 0.7766345739364624 0.5223761796951294 0.10566482692956924 0.10406816005706787 0.2513934075832367
