7 0.15197481215000153 0.5178167819976807 0.1987992525100708 0.24444614350795746 0.8260536789894104
2 0.38222184777259827 0.5639126300811768 0.04923725128173828 0.08404523879289627 0.7285950183868408
5 0.5627607107162476 0.7049765586853027 0.11051759868860245 0.2434302419424057 0.5836668610572815
7 0.6132936477661133 0.5456583499908447 0.051309965550899506 0.12094981223344803 0.5287023186683655
2 0.5158538222312927 0.5158976316452026 0.03757066652178764 0.08271382749080658 0.5157334804534912
5 0.3914481997489929 0.39662328362464905 0.03801999241113663 0.06289105117321014 0.4331420361995697
5 0.44658318161964417 0.39759963750839233 0.03084392473101616 0.06580810248851776 0.3206835389137268
2 0.8130427598953247 0.5100127458572388 0.046732522547245026 0.03648681566119194 0.30959340929985046
7 0.5158008337020874 0.515781044960022 0.03772859647870064 0.07949794828891754 0.30836841464042664
2 0.5626707077026367 0.7043740153312683 0.10992946475744247 0.24394021928310394 0.2883561849594116
7 0.44626808166503906 0.40146467089653015 0.030051421374082565 0.05986175686120987 0.2613520622253418
