7 0.16568884253501892 0.5644883513450623 0.19437575340270996 0.2496015727519989 0.843742847442627
7 0.3262316584587097 0.7922089695930481 0.18939562141895294 0.38033396005630493 0.6659306883811951
5 0.3190469741821289 0.5710041522979736 0.1049557700753212 0.18956926465034485 0.5859192609786987
2 0.6411374807357788 0.941764235496521 0.2205105721950531 0.11243252456188202 0.5500941276550293
2 0.5353385210037231 0.4686099588871002 0.027153778821229935 0.05931922048330307 0.3731195330619812
0 0.6592454314231873 0.5772673487663269 0.016281794756650925 0.05296003445982933 0.35227927565574646
5 0.40176504850387573 0.43602454662323 0.037975311279296875 0.060499317944049835 0.3420438766479492
3 0.9258557558059692 0.8467578291893005 0.04218997806310654 0.09940626472234726 0.3121771514415741
0 0.9271014928817749 0.8219212293624878 0.03426780551671982 0.08967404067516327 0.29921287298202515
7 0.7766121625900269 0.5223158001899719 0.10521011054515839 0.10370347648859024 0.2587035298347473
