7 0.16552941501140594 0.5659480690956116 0.1959497034549713 0.24729105830192566 0.8594223856925964
7 0.3473825454711914 0.5363298058509827 0.08304615318775177 0.14709006249904633 0.5139656662940979
0 0.6846402883529663 0.6122235655784607 0.017630387097597122 0.05940433219075203 0.5101887583732605
5 0.3471783697605133 0.535714864730835 0.08332858234643936 0.14738650619983673 0.46679559350013733
7 0.3680207431316376 0.6970129013061523 0.12051749229431152 0.2059405893087387 0.46120116114616394
2 0.5404273271560669 0.48947957158088684 0.029129410162568092 0.0516950823366642 0.36648690700531006
0 0.583692193031311 0.48211196064949036 0.008990669623017311 0.02973887138068676 0.3633856177330017
5 0.4020938277244568 0.43579456210136414 0.03858489915728569 0.06092749536037445 0.2866121828556061
0 0.020141616463661194 0.9045895338058472 0.04028323292732239 0.12173004448413849 0.2729002833366394
2 0.4473664164543152 0.4833388030529022 0.022665690630674362 0.03390062227845192 0.266323983669281
