7 0.16927281022071838 0.5708350539207458 0.19538851082324982 0.2499765157699585 0.7840392589569092
2 0.35730499029159546 0.5824930667877197 0.054486751556396484 0.08058106899261475 0.7469278573989868
7 0.43524304032325745 0.5210978984832764 0.0567358024418354 0.1290525645017624 0.4818493723869324
3 0.7840579748153687 0.7104566097259521 0.029310990124940872 0.07254011183977127 0.4738040566444397
0 0.7835682034492493 0.7035467624664307 0.02812805213034153 0.08468712866306305 0.36871516704559326
3 0.14508238434791565 0.7352325320243835 0.03264970704913139 0.08229739218950272 0.36396852135658264
7 0.5230148434638977 0.504369854927063 0.036035727709531784 0.08065745234489441 0.3559624254703522
3 0.7843302488327026 0.7221860289573669 0.029482269659638405 0.05083923414349556 0.3249664902687073
0 0.7828261852264404 0.6900531053543091 0.021224498748779297 0.059385426342487335 0.31734806299209595
2 0.5228384137153625 0.503646194934845 0.03573475033044815 0.08156390488147736 0.31577369570732117
2 0.8307906985282898 0.543060839176178 0.0458858497440815 0.03562503308057785 0.2984146475791931
7 0.4056154787540436 0.44312041997909546 0.03803711012005806 0.06357820332050323 0.2578009366989136
2 0.4350527226924896 0.5238222479820251 0.054584503173828125 0.12479790300130844 0.2549896836280823
