7 0.1690957248210907 0.5720648765563965 0.194939523935318 0.2511366009712219 0.8355790376663208
7 0.36475521326065063 0.701081395149231 0.15375852584838867 0.36441394686698914 0.6943235397338867
2 0.8830233812332153 0.9190273880958557 0.22956009209156036 0.15629543364048004 0.5108044743537903
2 0.2191171646118164 0.8095180988311768 0.12790128588676453 0.20676828920841217 0.5084057450294495
7 0.21877089142799377 0.8091275691986084 0.12819796800613403 0.2080875039100647 0.486956924200058
2 0.5171252489089966 0.4620143473148346 0.02726602554321289 0.06340009719133377 0.3785712718963623
2 0.406034380197525 0.44387784600257874 0.03545732423663139 0.0573476143181324 0.3428967297077179
2 0.46149271726608276 0.4266740679740906 0.01954212225973606 0.03504926711320877 0.29461440443992615
0 0.6567928194999695 0.5653903484344482 0.015595054253935814 0.04778052493929863 0.2904640734195709
2 0.831769585609436 0.5430125594139099 0.04598045349121094 0.03713209182024002 0.2893131375312805
