7 0.16926206648349762 0.5710194110870361 0.19554655253887177 0.2504362463951111 0.7835330367088318
2 0.3696996569633484 0.564416229724884 0.047164153307676315 0.07069973647594452 0.6860281229019165
3 0.8329402804374695 0.7723276615142822 0.03486442565917969 0.0680508092045784 0.44716358184814453
7 0.441631942987442 0.5076915621757507 0.05032634735107422 0.10977011919021606 0.429720401763916
2 0.5239009857177734 0.5150445103645325 0.03929328918457031 0.08959579467773438 0.3392374813556671
3 0.17437180876731873 0.6971875429153442 0.027601147070527077 0.07628054916858673 0.3165353536605835
2 0.8297460675239563 0.5466063618659973 0.04799766466021538 0.04277360811829567 0.3131982386112213
7 0.5239813923835754 0.5152565836906433 0.03960218280553818 0.08847605437040329 0.29839274287223816
0 0.832240879535675 0.7411970496177673 0.021951675415039062 0.07049081474542618 0.27789026498794556
7 0.4054679274559021 0.4418897032737732 0.037155818194150925 0.06190541759133339 0.2558552622795105
