7 0.16572383046150208 0.5647285580635071 0.19453470408916473 0.24976348876953125 0.8389932513237
5 0.32868266105651855 0.5586323738098145 0.09861020743846893 0.17575997114181519 0.6797410845756531
7 0.34252166748046875 0.7545856237411499 0.16606645286083221 0.3126590847969055 0.4834641218185425
0 0.6665376424789429 0.5885413289070129 0.01747760735452175 0.05390353873372078 0.46954137086868286
5 0.40177568793296814 0.4359978437423706 0.038110923022031784 0.05992753803730011 0.41891175508499146
2 0.44184836745262146 0.43955710530281067 0.01767568662762642 0.04926181212067604 0.3743252456188202
2 0.5368200540542603 0.4790387451648712 0.02718048170208931 0.04950002208352089 0.338006854057312
0 0.9710100293159485 0.8771952390670776 0.03863563388586044 0.12212219089269638 0.3256489038467407
2 0.4439369738101959 0.4930306375026703 0.023157596588134766 0.03207160159945488 0.3045651316642761
3 0.9662773013114929 0.888700008392334 0.04958610609173775 0.11874423921108246 0.2896678149700165
7 0.7801218628883362 0.5246140956878662 0.11229238659143448 0.10469258576631546 0.2683725655078888
