7 0.16439852118492126 0.5666030645370483 0.1933092623949051 0.2499423623085022 0.8452961444854736
5 0.29426270723342896 0.6045445203781128 0.12885132431983948 0.23477427661418915 0.7107535600662231
2 0.4381609857082367 0.5066393613815308 0.026720618829131126 0.03926968201994896 0.5690370798110962
5 0.4016992151737213 0.43618592619895935 0.037758730351924896 0.061839379370212555 0.3915695250034332
0 0.6457454562187195 0.5615540146827698 0.014589118771255016 0.04750281572341919 0.37272557616233826
0 0.8611800074577332 0.7695828080177307 0.032655905932188034 0.0987955704331398 0.3599194288253784
7 0.2765066921710968 0.8237322568893433 0.2733469605445862 0.3452492654323578 0.3380645215511322
3 0.8619827032089233 0.7800547480583191 0.03319130092859268 0.0814276784658432 0.3170938789844513
2 0.5326984524726868 0.46312204003334045 0.026036452502012253 0.05321994423866272 0.2952069938182831
2 0.3294663429260254 0.46798956394195557 0.03175325319170952 0.046994611620903015 0.2870423495769501
