7 0.16717414557933807 0.5745493769645691 0.1969405710697174 0.2534998655319214 0.849393367767334
2 0.7943561673164368 0.9456576704978943 0.17629452049732208 0.10868462175130844 0.8367602825164795
2 0.6685904264450073 0.604472279548645 0.05110130459070206 0.0736239105463028 0.6080353260040283
2 0.45568475127220154 0.46760204434394836 0.0373719222843647 0.05594228208065033 0.38571739196777344
5 0.40233954787254333 0.4440263509750366 0.035535335540771484 0.061673227697610855 0.336866170167923
3 0.8552133440971375 0.7710936069488525 0.03411407396197319 0.06038275733590126 0.32708534598350525
2 0.8276931643486023 0.5467044711112976 0.04868163913488388 0.0516984723508358 0.31975552439689636
0 0.3599637448787689 0.5150040984153748 0.01279153861105442 0.038337960839271545 0.30519288778305054
0 0.8533923029899597 0.7535845637321472 0.030101776123046875 0.08819783478975296 0.29910582304000854
7 0.455434650182724 0.46783143281936646 0.03513898700475693 0.05590108409523964 0.272783488035202
