7 0.151554137468338 0.5163664221763611 0.19989410042762756 0.24457092583179474 0.8263639211654663
2 0.3845070004463196 0.5584640502929688 0.049460269510746 0.08221893012523651 0.7023825645446777
2 0.5168253183364868 0.5197023749351501 0.039214134216308594 0.08363910019397736 0.5475677251815796
7 0.6160048842430115 0.5533920526504517 0.053246401250362396 0.11421796679496765 0.5389537811279297
5 0.3913525640964508 0.3964178264141083 0.038413237780332565 0.06276126205921173 0.4757559597492218
2 0.5665022134780884 0.7193159461021423 0.11611442267894745 0.25493600964546204 0.3407612442970276
7 0.5169633626937866 0.51912522315979 0.0394933708012104 0.08195224404335022 0.3375121057033539
5 0.4472304880619049 0.3971560299396515 0.03051910363137722 0.06523912400007248 0.32702067494392395
2 0.8129068613052368 0.5097376704216003 0.0469851978123188 0.03619774803519249 0.30081260204315186
7 0.44662562012672424 0.4003511965274811 0.02913494035601616 0.06010860949754715 0.26621195673942566
