5 0.35575002431869507 0.6447972059249878 0.12633638083934784 0.30079448223114014 0.8650371432304382
7 0.1544375717639923 0.5572106242179871 0.19876432418823242 0.24974671006202698 0.8348714709281921
2 0.5300662517547607 0.6721783876419067 0.05849313735961914 0.10619286447763443 0.7109880447387695
7 0.6052759289741516 0.610858678817749 0.06345939636230469 0.13753578066825867 0.5891198515892029
3 0.8084398508071899 0.7407364845275879 0.0321834571659565 0.08253241330385208 0.43043410778045654
2 0.5035974383354187 0.43392130732536316 0.02225971221923828 0.048598311841487885 0.3884188234806061
2 0.39359140396118164 0.42970046401023865 0.03564634174108505 0.058409713208675385 0.3108004033565521
7 0.7627747654914856 0.5178057551383972 0.09490909427404404 0.10317958891391754 0.28573086857795715
5 0.3958044946193695 0.428056538105011 0.03867044299840927 0.05838283896446228 0.2636812925338745
0 0.8079301714897156 0.7329294681549072 0.030835341662168503 0.08235880732536316 0.26045551896095276
