7 0.1646636724472046 0.5673219561576843 0.19342346489429474 0.2512669861316681 0.8569507598876953
5 0.28459396958351135 0.6142910718917847 0.1371784657239914 0.24861009418964386 0.7900907397270203
2 0.225303053855896 0.944885790348053 0.20818348228931427 0.10614064335823059 0.5557003617286682
5 0.6484068632125854 0.8500847816467285 0.24801377952098846 0.2895447313785553 0.5441932082176208
2 0.437044620513916 0.5096539855003357 0.025763511657714844 0.04300350695848465 0.5261073708534241
3 0.84552401304245 0.7649868726730347 0.03237972408533096 0.0740831196308136 0.3788115382194519
5 0.4018498361110687 0.4362832307815552 0.0378992073237896 0.061469439417123795 0.37787291407585144
0 0.6415976881980896 0.5570335388183594 0.014620685949921608 0.04858195036649704 0.3727915585041046
2 0.5320221185684204 0.46367353200912476 0.025882530957460403 0.04854482039809227 0.35243847966194153
2 0.33061403036117554 0.46901068091392517 0.034204863011837006 0.04816046729683876 0.2978173494338989
