7 0.1569637954235077 0.5587785243988037 0.19862917065620422 0.2479010671377182 0.8381555676460266
2 0.18110910058021545 0.9369496703147888 0.23673085868358612 0.12108255922794342 0.3733212947845459
0 0.8085731267929077 0.7553340196609497 0.029869889840483665 0.08480919897556305 0.3468908667564392
2 0.5072034001350403 0.5253058671951294 0.030877303332090378 0.050491586327552795 0.34551769495010376
7 0.5605117082595825 0.514252245426178 0.03502006456255913 0.08096228539943695 0.32651907205581665
5 0.5607234835624695 0.5165250897407532 0.034761618822813034 0.07489284873008728 0.30872830748558044
3 0.8088566660881042 0.7615793943405151 0.031778525561094284 0.08465779572725296 0.2748575210571289
5 0.39455968141555786 0.4345461428165436 0.03624782711267471 0.06220567598938942 0.26177823543548584
7 0.4176322817802429 0.4505205452442169 0.03083515167236328 0.06660045683383942 0.26122424006462097
5 0.41790610551834106 0.4501377046108246 0.029262542724609375 0.06837217509746552 0.25235065817832947
