7 0.16658705472946167 0.5689721703529358 0.1959589272737503 0.25169837474823 0.8338377475738525
7 0.398102343082428 0.6100149154663086 0.08400378376245499 0.1387156993150711 0.5304352045059204
2 0.39543309807777405 0.6094359755516052 0.08086700737476349 0.1365995556116104 0.419098436832428
0 0.7273476123809814 0.6679133176803589 0.022311877459287643 0.07302263379096985 0.3978854715824127
3 0.14717519283294678 0.7636635899543762 0.033181238919496536 0.10551367700099945 0.3928084075450897
0 0.5966737866401672 0.4973786175251007 0.008875655941665173 0.03382483497262001 0.34378722310066223
2 0.550686776638031 0.4957396686077118 0.03234224393963814 0.09074181318283081 0.3368097245693207
7 0.5506666898727417 0.4965006113052368 0.031893156468868256 0.08569353073835373 0.33472347259521484
2 0.36514943838119507 0.5129022598266602 0.044411562383174896 0.11259477585554123 0.3248320519924164
2 0.5507994890213013 0.509743332862854 0.0320039764046669 0.06252170354127884 0.30058059096336365
2 0.33097365498542786 0.4783162772655487 0.028551053255796432 0.062311045825481415 0.25312113761901855
2 0.45296964049339294 0.47056347131729126 0.020621109753847122 0.03010253980755806 0.2504850924015045
