7 0.1515185832977295 0.5190334916114807 0.20061464607715607 0.24601677060127258 0.8337629437446594
2 0.37660783529281616 0.5778675675392151 0.053807735443115234 0.09611765295267105 0.6852538585662842
5 0.5527580380439758 0.6690990924835205 0.09545955806970596 0.21505805850028992 0.6714988350868225
7 0.6057742238044739 0.5416316390037537 0.049428366124629974 0.10275989025831223 0.4913022220134735
2 0.5137820839881897 0.5073122382164001 0.035056017339229584 0.07566748559474945 0.47141674160957336
5 0.3920306861400604 0.3983922302722931 0.03839144855737686 0.061673566699028015 0.32052749395370483
2 0.8128814697265625 0.5102992653846741 0.047754477709531784 0.03640272468328476 0.30224668979644775
2 0.5524605512619019 0.6682042479515076 0.09456710517406464 0.21636471152305603 0.2913268208503723
7 0.5136317014694214 0.5076035261154175 0.034592628479003906 0.07511545717716217 0.2581844925880432
5 0.4452737867832184 0.40191981196403503 0.03258857876062393 0.06509213149547577 0.2501794695854187
