7 0.15397396683692932 0.5556342005729675 0.20036688446998596 0.2502288818359375 0.841842770576477
2 0.5351923108100891 0.7049962282180786 0.06770763546228409 0.10912764072418213 0.7923592925071716
7 0.6147865056991577 0.6361042261123657 0.06898804008960724 0.13300764560699463 0.7370409369468689
7 0.3656655251979828 0.6162265539169312 0.11421193927526474 0.26492801308631897 0.5699441432952881
0 0.8510737419128418 0.7719656825065613 0.03290881961584091 0.08742133527994156 0.4736732840538025
5 0.3663180470466614 0.6174015402793884 0.11004886776208878 0.26194846630096436 0.4295385181903839
2 0.5035668611526489 0.43567389249801636 0.02183551713824272 0.050860341638326645 0.355619341135025
3 0.8506357073783875 0.7897741794586182 0.037081528455019 0.08830583095550537 0.29117992520332336
5 0.3962392210960388 0.42639243602752686 0.04065103456377983 0.0595245361328125 0.2784869372844696
7 0.7634309530258179 0.5162687301635742 0.10081443935632706 0.10148806869983673 0.2535744607448578
2 0.8200448751449585 0.5303152203559875 0.0429418571293354 0.03332434594631195 0.2530992925167084
