7 0.15103386342525482 0.5159822106361389 0.19802729785442352 0.24294891953468323 0.8203927874565125
5 0.5815665125846863 0.7701237797737122 0.1310892105102539 0.3031246066093445 0.7368678450584412
2 0.3901497721672058 0.5430991053581238 0.04433436319231987 0.07696914672851562 0.7030267119407654
7 0.6233828067779541 0.5665348768234253 0.059008218348026276 0.11754150688648224 0.6000037789344788
5 0.39112168550491333 0.39603543281555176 0.03810901567339897 0.06261918693780899 0.5156333446502686
2 0.5181255340576172 0.5289050340652466 0.039540670812129974 0.0879974365234375 0.4885561764240265
7 0.518121063709259 0.5285429954528809 0.04019603878259659 0.08499298244714737 0.34570053219795227
5 0.4485336244106293 0.39591550827026367 0.029777145013213158 0.062416840344667435 0.31015661358833313
2 0.8140662312507629 0.5084097385406494 0.04462108761072159 0.0355885811150074 0.301128089427948
7 0.4478292465209961 0.3977177143096924 0.028493309393525124 0.06023695319890976 0.2705009877681732
