7 0.16556021571159363 0.5647397637367249 0.19431738555431366 0.24957886338233948 0.843700110912323
7 0.33913567662239075 0.7588289976119995 0.16993871331214905 0.33930087089538574 0.7000731229782104
5 0.3269609808921814 0.5609115362167358 0.09964485466480255 0.17589035630226135 0.5627037286758423
2 0.5365619659423828 0.4678460955619812 0.028450965881347656 0.06896667182445526 0.3905300199985504
5 0.40176302194595337 0.43605121970176697 0.03801364824175835 0.060017988085746765 0.37298041582107544
0 0.66450434923172 0.5866036415100098 0.016970252618193626 0.05297919362783432 0.3519573509693146
2 0.4416233003139496 0.4408416748046875 0.01781768724322319 0.04774492233991623 0.34587231278419495
3 0.9580909609794617 0.887869119644165 0.04820137098431587 0.09935760498046875 0.34128472208976746
2 0.443586528301239 0.494035542011261 0.023249244317412376 0.031328752636909485 0.33460474014282227
0 0.9610616564750671 0.8709271550178528 0.039437104016542435 0.12615033984184265 0.2674817740917206
7 0.7768764495849609 0.522505521774292 0.10569248348474503 0.10364803671836853 0.25528213381767273
