7 0.15100371837615967 0.5157081484794617 0.19900012016296387 0.2441168874502182 0.8217706680297852
5 0.5784398913383484 0.7594231367111206 0.12719707190990448 0.2923557162284851 0.8123912811279297
2 0.38912510871887207 0.5463197231292725 0.04582834243774414 0.07907392829656601 0.6995232105255127
7 0.6222003698348999 0.5655902624130249 0.05796013027429581 0.1141800805926323 0.5602750182151794
2 0.5173751711845398 0.5264362096786499 0.039254091680049896 0.08753526210784912 0.5180371403694153
5 0.391167014837265 0.3961907625198364 0.037997055798769 0.06258943676948547 0.5158742070198059
7 0.5179392099380493 0.5263977646827698 0.040019989013671875 0.08502256870269775 0.3606894016265869
2 0.8137669563293457 0.5086629390716553 0.045442961156368256 0.03601548820734024 0.31613993644714355
5 0.4483707547187805 0.39633315801620483 0.030159760266542435 0.06285569816827774 0.2862674593925476
7 0.44781389832496643 0.39849022030830383 0.028704071417450905 0.05942501500248909 0.27741068601608276
