7 0.16907110810279846 0.5711516737937927 0.1956098973751068 0.25151029229164124 0.7774157524108887
2 0.36464637517929077 0.570893406867981 0.04955778270959854 0.07756923884153366 0.6875501871109009
7 0.43890389800071716 0.5116119980812073 0.05366535112261772 0.11887597292661667 0.48902571201324463
3 0.16391392052173615 0.7039807438850403 0.032248638570308685 0.09421327710151672 0.43858176469802856
3 0.8123704195022583 0.7535393834114075 0.031863022595644 0.05866936594247818 0.4362366795539856
2 0.4385150969028473 0.5124724507331848 0.052282143384218216 0.11982328444719315 0.39661744236946106
0 0.8113912343978882 0.7334568500518799 0.0317167267203331 0.08776278793811798 0.37613150477409363
2 0.5232394933700562 0.5110933780670166 0.038127802312374115 0.08663991093635559 0.33063068985939026
3 0.8113687634468079 0.7360890507698059 0.03270421177148819 0.09329884499311447 0.3113531470298767
7 0.5237246751785278 0.5115543603897095 0.03897152096033096 0.08503197878599167 0.27160000801086426
7 0.40574073791503906 0.44245225191116333 0.03712675720453262 0.06108245998620987 0.2675124704837799
2 0.8305522203445435 0.5438318252563477 0.04622707515954971 0.03674452006816864 0.26181530952453613
