7 0.16898591816425323 0.5710956454277039 0.19563265144824982 0.2521165609359741 0.8116725087165833
2 0.3501133322715759 0.594907820224762 0.05564823001623154 0.08739488571882248 0.629378080368042
7 0.43198519945144653 0.5314684510231018 0.062169648706912994 0.13813577592372894 0.569351851940155
3 0.7636169195175171 0.6831172704696655 0.0262572281062603 0.07789238542318344 0.4586014747619629
2 0.43246278166770935 0.53361576795578 0.05815410614013672 0.13408102095127106 0.417264461517334
7 0.5224924683570862 0.49920496344566345 0.03480958938598633 0.07728110253810883 0.34661176800727844
3 0.1277008354663849 0.7562354207038879 0.03224358707666397 0.08392469584941864 0.3135705888271332
2 0.5223801136016846 0.4992562234401703 0.034241579473018646 0.07819239050149918 0.30411770939826965
2 0.8312729001045227 0.5433086156845093 0.046295929700136185 0.036662038415670395 0.2798793613910675
7 0.4057590365409851 0.4431637227535248 0.03780069202184677 0.06230231374502182 0.25644510984420776
