7 0.16920998692512512 0.5707522630691528 0.19508282840251923 0.2524045407772064 0.7403028011322021
2 0.3737277388572693 0.5578616261482239 0.04650115966796875 0.07086283713579178 0.6478325128555298
7 0.4419730305671692 0.5016547441482544 0.04865283891558647 0.11186692863702774 0.445290744304657
3 0.8517093658447266 0.7956854701042175 0.035005949437618256 0.0654364675283432 0.41575801372528076
2 0.5250289440155029 0.5184406042098999 0.04017305374145508 0.08805804699659348 0.3767605125904083
3 0.849591076374054 0.7774585485458374 0.03524436801671982 0.09921366721391678 0.34537041187286377
3 0.18346235156059265 0.6845225095748901 0.02576146088540554 0.07825605571269989 0.3416900038719177
2 0.44163790345191956 0.5061376690864563 0.047939300537109375 0.10488959401845932 0.3308446705341339
7 0.5247011184692383 0.5190017223358154 0.04051971435546875 0.08946177363395691 0.30137065052986145
2 0.8300348520278931 0.544303834438324 0.04726371914148331 0.03933291882276535 0.291976660490036
7 0.4053543210029602 0.44172319769859314 0.037433408200740814 0.06305932253599167 0.2722683250904083
2 0.829529881477356 0.5503115057945251 0.04725322872400284 0.05579732358455658 0.2666029632091522
0 0.850369930267334 0.7493033409118652 0.02184143103659153 0.05095350369811058 0.2556913197040558
