7 0.16909043490886688 0.571077287197113 0.19569125771522522 0.2518351972103119 0.8011143207550049
2 0.35121026635169983 0.5930814743041992 0.0546107292175293 0.08609093725681305 0.7213229537010193
7 0.4335278570652008 0.5301100611686707 0.057295989245176315 0.1348966807126999 0.4912301301956177
2 0.43299561738967896 0.5318558812141418 0.05561866611242294 0.13312360644340515 0.47246357798576355
3 0.7682385444641113 0.7023649215698242 0.027165794745087624 0.05271979421377182 0.4443477392196655
3 0.7678784132003784 0.6871137619018555 0.025872230529785156 0.08079647272825241 0.426310658454895
2 0.5222252607345581 0.5003435611724854 0.03488960117101669 0.07821960747241974 0.38883522152900696
3 0.13187997043132782 0.7517921328544617 0.030707310885190964 0.08179779350757599 0.34537166357040405
7 0.5224234461784363 0.5003640651702881 0.03501110151410103 0.07784254103899002 0.3411862850189209
0 0.7674683928489685 0.6863400936126709 0.02530689164996147 0.08021944016218185 0.31513720750808716
2 0.8312687873840332 0.5432031154632568 0.04626522213220596 0.036450449377298355 0.268478125333786
