7 0.15590102970600128 0.5559378862380981 0.19754333794116974 0.2501295208930969 0.860396146774292
5 0.3382297158241272 0.6960686445236206 0.14957642555236816 0.3643335998058319 0.8552148938179016
7 0.5954176187515259 0.5950550436973572 0.056806374341249466 0.11157497763633728 0.6612873077392578
0 0.7634420394897461 0.6837078332901001 0.025013159960508347 0.07920345664024353 0.5421480536460876
2 0.5228875279426575 0.6350324153900146 0.05406055599451065 0.09398549050092697 0.5361363887786865
3 0.7643221616744995 0.6940110325813293 0.02528410032391548 0.06683620810508728 0.3218482434749603
7 0.7641267776489258 0.516785740852356 0.09774551540613174 0.10453575849533081 0.28571778535842896
2 0.3935597538948059 0.4347623586654663 0.03462071344256401 0.049049630761146545 0.26220089197158813
2 0.503400444984436 0.43144217133522034 0.02114582061767578 0.045321907848119736 0.259880930185318
5 0.3958510756492615 0.4291607439517975 0.03947048261761665 0.06084476038813591 0.2531420886516571
