7 0.1519969403743744 0.5173457264900208 0.1995086967945099 0.24529089033603668 0.8272446990013123
2 0.38103705644607544 0.5667417049407959 0.05002918094396591 0.08459218591451645 0.756569504737854
7 0.61147141456604 0.5488136410713196 0.0509343147277832 0.1134878396987915 0.5279601216316223
5 0.5601669549942017 0.6966696977615356 0.10639218986034393 0.23866628110408783 0.513626754283905
2 0.5151721835136414 0.5141193866729736 0.03686199337244034 0.07932163029909134 0.49170076847076416
5 0.39138737320899963 0.39686745405197144 0.03853330761194229 0.06367204338312149 0.4294194281101227
2 0.813428521156311 0.5097557306289673 0.04688143730163574 0.03599141538143158 0.34311872720718384
2 0.5601919889450073 0.6959092617034912 0.10704421997070312 0.23728807270526886 0.3356361985206604
5 0.4462265968322754 0.3978835344314575 0.031106948852539062 0.06623052060604095 0.3187714219093323
7 0.5151847004890442 0.5143054127693176 0.036837004125118256 0.07932205498218536 0.2879686951637268
