7 0.15594382584095 0.5595148801803589 0.19840483367443085 0.24806907773017883 0.8480657935142517
2 0.5089012980461121 0.5433536171913147 0.03348827362060547 0.05505082756280899 0.5264749526977539
5 0.20291666686534882 0.8503556251525879 0.3033408224582672 0.28546565771102905 0.49313950538635254
0 0.8955019116401672 0.8518682718276978 0.04150085523724556 0.10785488784313202 0.3281294107437134
3 0.8961431384086609 0.8625117540359497 0.044475555419921875 0.10916019231081009 0.32283225655555725
0 0.8940204381942749 0.8387673497200012 0.03699455410242081 0.08108723908662796 0.3031619191169739
7 0.20343904197216034 0.8510160446166992 0.302607923746109 0.28515586256980896 0.30091986060142517
5 0.41778048872947693 0.43898528814315796 0.03462276607751846 0.07444407045841217 0.2779715657234192
7 0.5669867396354675 0.5301688313484192 0.03870515897870064 0.07861285656690598 0.2758324146270752
7 0.41882744431495667 0.4413251280784607 0.032462310045957565 0.07069481909275055 0.2651825249195099
0 0.6514412760734558 0.567082941532135 0.013397788628935814 0.04954003170132637 0.25951898097991943
3 0.9001544713973999 0.8822503089904785 0.03853149339556694 0.07231292873620987 0.2517654299736023
7 0.4078851640224457 0.43868136405944824 0.0562610849738121 0.07572699338197708 0.2507447302341461
