7 0.15205731987953186 0.5167815089225769 0.19974489510059357 0.24481286108493805 0.8248835802078247
2 0.38347259163856506 0.5613019466400146 0.048868466168642044 0.08447655290365219 0.7173398733139038
7 0.614582896232605 0.5483361482620239 0.052205752581357956 0.12035971879959106 0.5769829750061035
2 0.5164418816566467 0.51759272813797 0.03825664520263672 0.084014892578125 0.5311270356178284
5 0.3913290500640869 0.3964194357395172 0.038091085851192474 0.0627271831035614 0.45989498496055603
2 0.5637714266777039 0.7125723958015442 0.1138906478881836 0.25229835510253906 0.4441918432712555
7 0.5164299607276917 0.5173819661140442 0.03873243182897568 0.08092125505208969 0.3643568456172943
5 0.4468936026096344 0.39750051498413086 0.030052566900849342 0.06456790864467621 0.31703832745552063
2 0.813197910785675 0.5100476741790771 0.04620838165283203 0.03639288991689682 0.30337488651275635
7 0.44653549790382385 0.40102168917655945 0.029277419671416283 0.058859508484601974 0.27334028482437134
