7 0.16764439642429352 0.5746179223060608 0.19757182896137238 0.2530929446220398 0.8322142958641052
2 0.6821579933166504 0.7867966294288635 0.1083337813615799 0.1507190316915512 0.7536503672599792
2 0.6309826970100403 0.5619917511940002 0.04233379289507866 0.05923156812787056 0.5613806247711182
2 0.4489867091178894 0.48048117756843567 0.03724365308880806 0.06110924482345581 0.4658172130584717
0 0.7543554306030273 0.6596802473068237 0.022858429700136185 0.06802809238433838 0.4274584949016571
7 0.5261963605880737 0.5136271715164185 0.03322601318359375 0.08384696394205093 0.3743398189544678
2 0.8274111747741699 0.5413931012153625 0.049451638013124466 0.04173550009727478 0.3478104770183563
7 0.4492912292480469 0.48075899481773376 0.03528947755694389 0.060034435242414474 0.2974323332309723
7 0.4021644592285156 0.4474935233592987 0.036355115473270416 0.06331846117973328 0.26208582520484924
5 0.4068129062652588 0.4456123411655426 0.0434659942984581 0.06182233989238739 0.25338688492774963
