7 0.16923430562019348 0.5705959796905518 0.1950710266828537 0.2531570494174957 0.7593075633049011
2 0.37427324056625366 0.5556162595748901 0.04587907716631889 0.07012676447629929 0.739698052406311
3 0.8568754196166992 0.7988615036010742 0.038390349596738815 0.07405836135149002 0.46111297607421875
7 0.44230443239212036 0.5002567172050476 0.048502348363399506 0.10987862199544907 0.3747413754463196
2 0.5251469612121582 0.5199673771858215 0.04038982465863228 0.08757510781288147 0.371553510427475
0 0.85493403673172 0.7605826258659363 0.026008034124970436 0.06157379224896431 0.3336113393306732
2 0.4417012631893158 0.5037282705307007 0.04780912399291992 0.1041242778301239 0.29673418402671814
2 0.8299922943115234 0.5443512797355652 0.04755878448486328 0.03951483964920044 0.2829991579055786
7 0.4053162634372711 0.4419541656970978 0.03727567195892334 0.06266267597675323 0.26499316096305847
2 0.8295202255249023 0.5506271123886108 0.047466278076171875 0.056497108191251755 0.2596724331378937
