7 0.16608595848083496 0.5677836537361145 0.19696006178855896 0.24955885112285614 0.8314240574836731
7 0.40513506531715393 0.5925602316856384 0.07421903312206268 0.12878604233264923 0.4827570617198944
7 0.5546737313270569 0.5033453106880188 0.03309984132647514 0.09344635158777237 0.45604655146598816
7 0.3755689263343811 0.5012207627296448 0.05052914470434189 0.11648381501436234 0.3838760256767273
3 0.1736210584640503 0.7309879064559937 0.02938253805041313 0.09549429267644882 0.3536023199558258
3 0.7450714111328125 0.6921446323394775 0.025410842150449753 0.07943276315927505 0.3470257818698883
2 0.4041157364845276 0.5940840244293213 0.07561950385570526 0.1285151094198227 0.2975414991378784
2 0.5546554327011108 0.5229974389076233 0.0330258384346962 0.059106189757585526 0.2967088222503662
2 0.4550781846046448 0.46724310517311096 0.022978782653808594 0.031923167407512665 0.26676562428474426
0 0.17404699325561523 0.7317821979522705 0.029697943478822708 0.0962991937994957 0.2509498596191406
