7 0.16934040188789368 0.5720845460891724 0.19511571526527405 0.25149399042129517 0.8359102606773376
7 0.36201637983322144 0.7089160084724426 0.15710744261741638 0.373717337846756 0.7378548383712769
2 0.21392807364463806 0.8193085789680481 0.1287950575351715 0.2171625792980194 0.5200384855270386
7 0.21387922763824463 0.8176974654197693 0.12897320091724396 0.21515756845474243 0.4166881740093231
2 0.8777681589126587 0.9084328413009644 0.24230270087718964 0.17191535234451294 0.36521679162979126
2 0.5169609189033508 0.46157318353652954 0.027199935168027878 0.06357371062040329 0.36215171217918396
2 0.40609127283096313 0.4439113140106201 0.03560953214764595 0.05713297426700592 0.34566396474838257
2 0.46117106080055237 0.42703568935394287 0.019214820116758347 0.035199906677007675 0.2916247248649597
2 0.8316795229911804 0.5427359342575073 0.046216584742069244 0.036832936108112335 0.2756405770778656
0 0.6556024551391602 0.5641180872917175 0.01574401929974556 0.04696740210056305 0.2729228436946869
