7 0.16931870579719543 0.5708543658256531 0.19555623829364777 0.2502719461917877 0.7763632535934448
2 0.36833444237709045 0.5664933323860168 0.04786796495318413 0.07146742194890976 0.677197277545929
7 0.44038257002830505 0.505025327205658 0.04968547821044922 0.11461130529642105 0.46629273891448975
3 0.8277806043624878 0.7684913873672485 0.03501701354980469 0.06256459653377533 0.4478851854801178
2 0.5240419507026672 0.5144573450088501 0.03932952880859375 0.0889233872294426 0.33885982632637024
2 0.8297945261001587 0.5467920899391174 0.047710418701171875 0.04290330782532692 0.3147401809692383
3 0.17244631052017212 0.6973899602890015 0.028284955769777298 0.08377040922641754 0.30180108547210693
7 0.5238746404647827 0.5141049027442932 0.03916645050048828 0.08766801655292511 0.2969419062137604
0 0.8278936147689819 0.7331250309944153 0.023883629590272903 0.06378665566444397 0.26599040627479553
7 0.4054141044616699 0.44186070561408997 0.03708934783935547 0.062057748436927795 0.26404839754104614
2 0.44065627455711365 0.5071799159049988 0.04961204528808594 0.11349020898342133 0.25618839263916016
