7 0.16924011707305908 0.5700206160545349 0.1952708661556244 0.2523146867752075 0.7664884328842163
2 0.3753282129764557 0.5527510643005371 0.044477082788944244 0.06858868151903152 0.7519241571426392
3 0.8619343042373657 0.7998363971710205 0.03869743272662163 0.08556586503982544 0.4641306400299072
7 0.4425663352012634 0.4978964030742645 0.047435857355594635 0.11005231738090515 0.4000241160392761
2 0.5253831744194031 0.520966112613678 0.040845680981874466 0.08938039094209671 0.3925413191318512
0 0.861737847328186 0.7896923422813416 0.036668967455625534 0.10505778342485428 0.31709030270576477
0 0.863368809223175 0.7657365798950195 0.02630157396197319 0.05909338966012001 0.28238847851753235
2 0.8298929333686829 0.5443578958511353 0.04784049838781357 0.03963097557425499 0.27262043952941895
7 0.4051452577114105 0.44212138652801514 0.036862947046756744 0.0624864362180233 0.26973843574523926
2 0.8293477892875671 0.5503687262535095 0.04774303361773491 0.05582902580499649 0.25944650173187256
