7 0.15856479108333588 0.5657193660736084 0.19785162806510925 0.24548916518688202 0.8462914824485779
3 0.7297547459602356 0.6934483647346497 0.02483348920941353 0.06512527167797089 0.4971765875816345
7 0.3966171145439148 0.48119887709617615 0.03759317472577095 0.08974626660346985 0.47950980067253113
2 0.8213710784912109 0.5431362390518188 0.04720311239361763 0.0359547920525074 0.35569390654563904
0 0.6391111612319946 0.561992883682251 0.01261758804321289 0.04406823217868805 0.316263884305954
7 0.7680416107177734 0.5311188697814941 0.0942266434431076 0.10642039030790329 0.2989071309566498
2 0.4490740895271301 0.42784246802330017 0.018293380737304688 0.02941334992647171 0.29276344180107117
2 0.5433979034423828 0.47499313950538635 0.02414684370160103 0.0557352714240551 0.28207698464393616
0 0.5815977454185486 0.48909828066825867 0.00981435738503933 0.0295096505433321 0.2594050467014313
2 0.5435564517974854 0.48571377992630005 0.02416687086224556 0.03387298434972763 0.25712329149246216
