7 0.16683508455753326 0.5761913061141968 0.19272610545158386 0.2525941729545593 0.8220421671867371
2 0.6140979528427124 0.6492083072662354 0.06541566550731659 0.09819047898054123 0.8066031336784363
2 0.8272640109062195 0.5463333129882812 0.048891447484493256 0.05182630568742752 0.40903130173683167
0 0.3111307919025421 0.5708836913108826 0.013967419043183327 0.05409681424498558 0.36514902114868164
7 0.43989914655685425 0.5033693313598633 0.04123229905962944 0.07510460913181305 0.3574061095714569
5 0.4118470549583435 0.4526195824146271 0.05295000225305557 0.08148735761642456 0.3192812204360962
2 0.6004258394241333 0.5254721641540527 0.03353939205408096 0.04457465186715126 0.2924501895904541
7 0.5207395553588867 0.4834391176700592 0.027191925793886185 0.07056376338005066 0.27021175622940063
2 0.43988466262817383 0.5030600428581238 0.04203376919031143 0.07476586103439331 0.2537962794303894
0 0.6809743046760559 0.5872606635093689 0.016792774200439453 0.0530548095703125 0.2510441839694977
