7 0.15848460793495178 0.565456748008728 0.1980653703212738 0.24511413276195526 0.84891277551651
7 0.39744749665260315 0.4796985983848572 0.036810971796512604 0.09071909636259079 0.5057299137115479
3 0.7329694628715515 0.6987389326095581 0.024531936272978783 0.06687528640031815 0.43804630637168884
0 0.6401563882827759 0.5642686486244202 0.012967968359589577 0.042612966150045395 0.3679414689540863
2 0.8210499882698059 0.543576717376709 0.04699993133544922 0.03764767199754715 0.3405938446521759
0 0.5818367004394531 0.4890936017036438 0.009810256771743298 0.03054165281355381 0.3159630298614502
2 0.449229896068573 0.4267570376396179 0.01841268502175808 0.0307032261043787 0.2942461371421814
2 0.543440580368042 0.47639453411102295 0.023949813097715378 0.05397525429725647 0.2879112958908081
2 0.5436339378356934 0.48680928349494934 0.02392292022705078 0.03229505568742752 0.2705795168876648
7 0.7679160237312317 0.5297338962554932 0.0934717208147049 0.11022432148456573 0.26531800627708435
