7 0.16914919018745422 0.5717020630836487 0.19493749737739563 0.2511766254901886 0.8342154622077942
7 0.3678876757621765 0.6934386491775513 0.14832839369773865 0.35234934091567993 0.7520625591278076
7 0.22541776299476624 0.800416111946106 0.12587088346481323 0.20452439785003662 0.5517298579216003
2 0.225465327501297 0.799986720085144 0.12553295493125916 0.20282083749771118 0.4581388235092163
2 0.8900535702705383 0.9279576539993286 0.21743664145469666 0.13898789882659912 0.41720569133758545
0 0.6582369804382324 0.5666310787200928 0.01660900190472603 0.04861738532781601 0.3525698482990265
2 0.5173209309577942 0.46372705698013306 0.026351070031523705 0.0622829869389534 0.3495512306690216
2 0.4056246876716614 0.44401687383651733 0.03456888347864151 0.05704108253121376 0.3356116712093353
2 0.8317640423774719 0.5428785681724548 0.045900724828243256 0.036691706627607346 0.28322529792785645
2 0.4615744650363922 0.4260190427303314 0.019756127148866653 0.035262975841760635 0.2653420567512512
