7 0.1513024866580963 0.5160983800888062 0.19920316338539124 0.24456770718097687 0.8309527635574341
2 0.38803210854530334 0.5496711730957031 0.046218015253543854 0.0779096782207489 0.7041867971420288
7 0.621423602104187 0.5633504986763 0.05639801174402237 0.11331329494714737 0.5810890793800354
2 0.517431914806366 0.5240586400032043 0.03919925540685654 0.08488506823778152 0.5416894555091858
5 0.5749337077140808 0.748225748538971 0.1242576614022255 0.28292322158813477 0.5289702415466309
5 0.3913426399230957 0.396215558052063 0.03815040737390518 0.06267038732767105 0.4757918417453766
7 0.5174306631088257 0.523938775062561 0.03932151943445206 0.08291100710630417 0.38141340017318726
2 0.8142400979995728 0.5092606544494629 0.04436321184039116 0.03637322410941124 0.30819061398506165
5 0.44812220335006714 0.3968145549297333 0.03031616285443306 0.06333601474761963 0.29095011949539185
7 0.44740885496139526 0.3990893065929413 0.02898254431784153 0.05921851098537445 0.2886803150177002
