7 0.16615721583366394 0.5700580477714539 0.1950426995754242 0.24788063764572144 0.8005636930465698
7 0.41178685426712036 0.5724453330039978 0.06729040294885635 0.11124894767999649 0.513558566570282
2 0.5599035620689392 0.5391096472740173 0.03618936613202095 0.05781758576631546 0.48223838210105896
0 0.6094419360160828 0.51410311460495 0.009488487616181374 0.0362175852060318 0.3398648500442505
2 0.8287872076034546 0.538112461566925 0.055240631103515625 0.039643097668886185 0.3033014237880707
2 0.5630854368209839 0.4791830778121948 0.023077964782714844 0.0344628244638443 0.3032204806804657
5 0.38277095556259155 0.4968014061450958 0.04296226426959038 0.10546824336051941 0.29024434089660645
2 0.4119308590888977 0.570442259311676 0.06992588192224503 0.11137322336435318 0.2805667817592621
3 0.7790933847427368 0.7599121332168579 0.026457976549863815 0.04210103303194046 0.2738671898841858
3 0.20639686286449432 0.687620222568512 0.023846160620450974 0.0822010487318039 0.27077344059944153
