7 0.16560396552085876 0.5647521615028381 0.19401776790618896 0.24970991909503937 0.8474307060241699
5 0.3248107433319092 0.5630659461021423 0.10001049190759659 0.18409474194049835 0.5841498970985413
7 0.33630579710006714 0.773357629776001 0.1734367311000824 0.3287523090839386 0.539455771446228
2 0.5367292761802673 0.4687221646308899 0.02727222442626953 0.06524954736232758 0.4226507544517517
0 0.6630207896232605 0.5847542881965637 0.016823863610625267 0.05167253315448761 0.3849674165248871
5 0.4017745852470398 0.4359712302684784 0.03808290883898735 0.06011556088924408 0.3533782660961151
0 0.9496145248413086 0.852044939994812 0.042465973645448685 0.10387945920228958 0.3421550989151001
2 0.44347095489501953 0.4951989948749542 0.02381877973675728 0.03093431331217289 0.34070611000061035
2 0.4411924481391907 0.4414460062980652 0.018785571679472923 0.047409310936927795 0.25560206174850464
7 0.7772880792617798 0.5227035284042358 0.10629119724035263 0.10417225956916809 0.2554318308830261
