7 0.16592922806739807 0.5723991990089417 0.19308796525001526 0.2529170513153076 0.8336619138717651
2 0.5678831934928894 0.5533187985420227 0.040273476392030716 0.0662059336900711 0.5200895071029663
3 0.23451080918312073 0.6560596823692322 0.021683121100068092 0.07135628908872604 0.45244845747947693
7 0.42036914825439453 0.5507838129997253 0.06280851364135742 0.10442563891410828 0.44362547993659973
2 0.4199795126914978 0.5521676540374756 0.06308479607105255 0.10247675329446793 0.4375419318675995
0 0.6193922162055969 0.5257030129432678 0.011145591735839844 0.039668526500463486 0.3769398629665375
2 0.8259268999099731 0.5467635989189148 0.05080223083496094 0.056958772242069244 0.35170307755470276
2 0.5691724419593811 0.4879276752471924 0.025771617889404297 0.03418562188744545 0.2869153618812561
3 0.8177362680435181 0.7882501482963562 0.034442901611328125 0.10211910307407379 0.2864110767841339
3 0.8190749883651733 0.8104744553565979 0.033368684351444244 0.0553792305290699 0.26865699887275696
0 0.2344866245985031 0.6546777486801147 0.021544646471738815 0.07261437177658081 0.2566729485988617
