7 0.15448150038719177 0.5572636723518372 0.19928190112113953 0.2500074505805969 0.837651789188385
7 0.6099375486373901 0.6254533529281616 0.06534843146800995 0.12581820785999298 0.7336350679397583
2 0.5328252911567688 0.6894200444221497 0.06348838657140732 0.1139255091547966 0.6845917701721191
5 0.3618434965610504 0.6279611587524414 0.1173732727766037 0.28195494413375854 0.6272204518318176
3 0.8280102014541626 0.760180652141571 0.03415947034955025 0.09072978049516678 0.4248024821281433
0 0.8288313150405884 0.7547793984413147 0.02987518347799778 0.09521276503801346 0.3675090968608856
7 0.3627029061317444 0.6274678707122803 0.11592908203601837 0.2802715599536896 0.3454636037349701
2 0.503308892250061 0.4346241056919098 0.022066880017518997 0.04910091683268547 0.31937992572784424
5 0.3960544168949127 0.42759883403778076 0.03951377794146538 0.05940229445695877 0.2906216084957123
7 0.762293815612793 0.5179781317710876 0.09611435234546661 0.10124088078737259 0.2505094110965729
