7 0.1572432816028595 0.5586413145065308 0.1992001086473465 0.247111514210701 0.8263100385665894
0 0.8148189783096313 0.76079922914505 0.0294189453125 0.08383432775735855 0.33772021532058716
2 0.1882060319185257 0.9284346103668213 0.23856225609779358 0.13481411337852478 0.330730676651001
2 0.5074734091758728 0.5268945693969727 0.03146696090698242 0.05196533352136612 0.29653194546699524
7 0.5607175230979919 0.5154657363891602 0.035708237439394 0.08108741044998169 0.29593750834465027
0 0.6348779797554016 0.5497354865074158 0.013256358914077282 0.04356469213962555 0.28567200899124146
7 0.41786956787109375 0.4501980245113373 0.03080902062356472 0.06596391648054123 0.27656349539756775
3 0.8151986002922058 0.7692506313323975 0.03285999223589897 0.08948296308517456 0.27527421712875366
5 0.4181480407714844 0.4496283531188965 0.029454613104462624 0.06731745600700378 0.2607162594795227
5 0.3942764699459076 0.4346577823162079 0.03596944734454155 0.06216701865196228 0.2518188953399658
