7 0.16657967865467072 0.5689830183982849 0.1960938423871994 0.2515106201171875 0.8334065675735474
7 0.39570945501327515 0.6158825159072876 0.08433961868286133 0.14644300937652588 0.43813344836235046
3 0.1332082748413086 0.7881030440330505 0.02651696279644966 0.08534681797027588 0.42975443601608276
0 0.722034752368927 0.6594206690788269 0.02083435095846653 0.06897973269224167 0.4170064330101013
3 0.13677695393562317 0.7765456438064575 0.03435263782739639 0.1117909774184227 0.3498106598854065
7 0.36265692114830017 0.5134021043777466 0.0464177131652832 0.11800452321767807 0.3372745215892792
0 0.5947247743606567 0.4942966103553772 0.009844970889389515 0.03208957239985466 0.3341832160949707
2 0.39156705141067505 0.6161707639694214 0.077558234333992 0.1461515575647354 0.33233022689819336
2 0.3626314699649811 0.5137505531311035 0.045044850558042526 0.11836700141429901 0.31167933344841003
2 0.4524495601654053 0.4698037803173065 0.021098041906952858 0.03306715190410614 0.2978486120700836
7 0.5498379468917847 0.49452441930770874 0.032764434814453125 0.08376362919807434 0.28829583525657654
0 0.13732688128948212 0.7734849452972412 0.03504600375890732 0.10840556025505066 0.288056880235672
2 0.3310192823410034 0.4780922830104828 0.026887845247983932 0.06155649945139885 0.25988757610321045
2 0.5498161911964417 0.49381744861602783 0.03257188946008682 0.08861109614372253 0.2590736746788025
2 0.5498136281967163 0.5098971724510193 0.03248786926269531 0.05789710208773613 0.25754934549331665
