7 0.16834281384944916 0.5745848417282104 0.19871246814727783 0.25331082940101624 0.8269013166427612
2 0.6713475584983826 0.7646898031234741 0.09978189319372177 0.1446746438741684 0.7303689122200012
2 0.6266166567802429 0.5557586550712585 0.04089374467730522 0.052046459168195724 0.6615234613418579
0 0.7436944842338562 0.6482662558555603 0.02140350267291069 0.06721632182598114 0.5574134588241577
3 0.7437484860420227 0.6493929624557495 0.022562503814697266 0.06563856452703476 0.4325009286403656
7 0.4482550621032715 0.48316335678100586 0.035918138921260834 0.06288909912109375 0.39325621724128723
2 0.8282591104507446 0.5409607887268066 0.04802246019244194 0.036841414868831635 0.37586548924446106
7 0.5251821875572205 0.5115397572517395 0.03258056566119194 0.07964231818914413 0.3181215524673462
7 0.41613268852233887 0.4476774334907532 0.06146831437945366 0.06809861958026886 0.26824304461479187
7 0.40414318442344666 0.4474351704120636 0.03858022764325142 0.06515859067440033 0.2655908763408661
5 0.4157226085662842 0.44619783759117126 0.060907553881406784 0.06377707421779633 0.2528919577598572
