7 0.1689596176147461 0.5717892050743103 0.19548840820789337 0.25220438838005066 0.8268057107925415
2 0.3355486989021301 0.6147268414497375 0.06225156784057617 0.10067172348499298 0.6761525869369507
7 0.4263198971748352 0.5447854995727539 0.07070086151361465 0.16171739995479584 0.6301877498626709
2 0.5206259489059448 0.4904375672340393 0.032477568835020065 0.07912139594554901 0.5295785069465637
3 0.7368103265762329 0.6665471196174622 0.024962043389678 0.04824557900428772 0.49141159653663635
3 0.09833605587482452 0.7919431924819946 0.03373317793011665 0.09124484658241272 0.41878271102905273
3 0.09485038369894028 0.7997525334358215 0.030374741181731224 0.08349168300628662 0.4174424409866333
0 0.7359593510627747 0.6522778272628784 0.021353434771299362 0.06926481425762177 0.334910124540329
2 0.8306447863578796 0.5420751571655273 0.045308876782655716 0.03297865018248558 0.2687346637248993
7 0.4057021141052246 0.4435604214668274 0.03566014766693115 0.06267861276865005 0.2606494426727295
3 0.7368451356887817 0.6538739800453186 0.024322509765625 0.06916571408510208 0.259365051984787
