7 0.16586223244667053 0.568932831287384 0.19504806399345398 0.24859008193016052 0.8080050349235535
3 0.19653335213661194 0.7028546929359436 0.026656294241547585 0.08193045854568481 0.6027675271034241
7 0.40800756216049194 0.5809735059738159 0.06580877304077148 0.11674923449754715 0.47130221128463745
0 0.6067418456077576 0.5120356678962708 0.01074838638305664 0.038754019886255264 0.38643690943717957
5 0.38153132796287537 0.4970138669013977 0.047455884516239166 0.10827890783548355 0.3799459636211395
7 0.5579887628555298 0.5104736685752869 0.0330510139465332 0.10266003012657166 0.326879620552063
2 0.557519257068634 0.509965181350708 0.03493537753820419 0.1036563441157341 0.3197115957736969
2 0.40982159972190857 0.5801090598106384 0.07119159400463104 0.11951921135187149 0.28855979442596436
2 0.8271282315254211 0.5408200025558472 0.05227966234087944 0.04679056629538536 0.27744826674461365
2 0.5577385425567627 0.5317352414131165 0.03441457822918892 0.0598551444709301 0.2688263952732086
