7 0.16600902378559113 0.5654861330986023 0.19786342978477478 0.24719899892807007 0.8423046469688416
7 0.3224204182624817 0.7958586812019348 0.19523783028125763 0.3890747129917145 0.6910724639892578
5 0.31746742129325867 0.5746573805809021 0.1069251075387001 0.18958663940429688 0.61226487159729
2 0.6441410183906555 0.9320325255393982 0.23428097367286682 0.13237693905830383 0.5425970554351807
3 0.9193156361579895 0.837523341178894 0.041500091552734375 0.10204535722732544 0.34632259607315063
5 0.40175896883010864 0.4358784854412079 0.03794898837804794 0.06075066328048706 0.3306746482849121
0 0.657778263092041 0.5746888518333435 0.016478348523378372 0.05256957933306694 0.31887534260749817
0 0.9195140600204468 0.8293870091438293 0.03909263759851456 0.1157684326171875 0.30679455399513245
2 0.5350366830825806 0.4658263325691223 0.027394866570830345 0.06357506662607193 0.2876473069190979
7 0.6327902674674988 0.9300664067268372 0.21083012223243713 0.13371412456035614 0.2711777985095978
7 0.7779324650764465 0.5228093266487122 0.10799846798181534 0.10446964204311371 0.2691348195075989
3 0.9195585250854492 0.8525107502937317 0.04127616807818413 0.07148640602827072 0.25191304087638855
