7 0.15104639530181885 0.5150885581970215 0.1990937739610672 0.24331919848918915 0.822077214717865
5 0.5831959843635559 0.7802214026451111 0.13570156693458557 0.3111630380153656 0.7252421975135803
2 0.3903729319572449 0.5404108166694641 0.04432477802038193 0.07616119086742401 0.6716348528862
7 0.6252760887145996 0.5681292414665222 0.05953025817871094 0.12138044834136963 0.5929665565490723
2 0.5185023546218872 0.5308833718299866 0.0399906150996685 0.08778669685125351 0.5895036458969116
5 0.3910798728466034 0.39586758613586426 0.03794121742248535 0.06236911192536354 0.5296323299407959
5 0.44863319396972656 0.39563480019569397 0.02968883514404297 0.06230790913105011 0.31753697991371155
7 0.5185820460319519 0.530470609664917 0.04089050367474556 0.08554331213235855 0.31528398394584656
2 0.814423680305481 0.5084419250488281 0.04473533481359482 0.03567199781537056 0.29803386330604553
7 0.4480441212654114 0.39786818623542786 0.02814302407205105 0.05985327810049057 0.2621449828147888
