7 0.165281280875206 0.5655674338340759 0.196163147687912 0.24745890498161316 0.8420984148979187
5 0.3129352331161499 0.5805373787879944 0.11100296676158905 0.20021337270736694 0.6111546158790588
7 0.3144758343696594 0.7918760776519775 0.21057844161987305 0.4063425660133362 0.5535395741462708
0 0.6544652581214905 0.5716798305511475 0.015800857916474342 0.05300716683268547 0.4478393495082855
2 0.6178452372550964 0.9126255512237549 0.18700619041919708 0.16295963525772095 0.4426857829093933
2 0.6735039949417114 0.9445949792861938 0.1914466917514801 0.10788404941558838 0.39450910687446594
2 0.44084635376930237 0.5031285881996155 0.024129867553710938 0.03246324509382248 0.36666008830070496
5 0.40170249342918396 0.43599972128868103 0.03772716596722603 0.0608961321413517 0.35102930665016174
0 0.9040734171867371 0.7996838688850403 0.03391094133257866 0.08327263593673706 0.3314497470855713
2 0.6693105697631836 0.9199630618095398 0.1998283416032791 0.15625491738319397 0.2741866111755371
2 0.5341907739639282 0.46626630425453186 0.027399921789765358 0.061468251049518585 0.27247774600982666
3 0.9061651229858398 0.8343936204910278 0.035840414464473724 0.07793358713388443 0.2720831334590912
