7 0.1668262481689453 0.5741839408874512 0.19618359208106995 0.2519584596157074 0.8426733016967773
2 0.689923882484436 0.6310834884643555 0.0583684928715229 0.0799679234623909 0.48249056935310364
3 0.9215471148490906 0.833410918712616 0.04288673400878906 0.08363189548254013 0.44805052876472473
3 0.9269992709159851 0.8444400429725647 0.031861115247011185 0.06125522032380104 0.4151216745376587
2 0.03108525276184082 0.9693139791488647 0.06162969022989273 0.06137203797698021 0.3848989009857178
5 0.4028932452201843 0.44354739785194397 0.03587465360760689 0.06163007766008377 0.3441667854785919
7 0.5393360257148743 0.5686541795730591 0.04892291873693466 0.10831078141927719 0.3096604645252228
7 0.4561208188533783 0.4625001549720764 0.03399085998535156 0.05289849266409874 0.30169034004211426
2 0.8288055658340454 0.5400683283805847 0.04770202562212944 0.03622724860906601 0.27449139952659607
0 0.9210458993911743 0.8182021379470825 0.04258880764245987 0.09696722775697708 0.2686605453491211
7 0.40300989151000977 0.4443916380405426 0.03730809688568115 0.06169738620519638 0.25814288854599
