5 0.3436067998409271 0.6816102862358093 0.14159993827342987 0.34085050225257874 0.8598366975784302
7 0.15581682324409485 0.5560944676399231 0.19687776267528534 0.24991708993911743 0.8469560146331787
2 0.5254632830619812 0.6459351181983948 0.05584316328167915 0.09286142885684967 0.6883139610290527
7 0.5972486734390259 0.598941445350647 0.05802154541015625 0.11370892077684402 0.6349404454231262
3 0.7731441259384155 0.7045294046401978 0.027636241167783737 0.06741774082183838 0.5184106230735779
0 0.7743690013885498 0.6928902864456177 0.025667380541563034 0.07436531782150269 0.3833836019039154
2 0.5033811330795288 0.43237411975860596 0.021219443529844284 0.04624108225107193 0.33045846223831177
5 0.39573371410369873 0.429146409034729 0.039549969136714935 0.06086154654622078 0.28734785318374634
5 0.4284689426422119 0.43063122034072876 0.024857426062226295 0.05758378654718399 0.281738817691803
2 0.8215463757514954 0.5323014259338379 0.04863910749554634 0.03336995467543602 0.25844377279281616
7 0.7638036012649536 0.5166308283805847 0.09647884219884872 0.1021931990981102 0.2505137026309967
