7 0.1690748631954193 0.5710729956626892 0.19554749131202698 0.25163760781288147 0.8014815449714661
2 0.35311976075172424 0.590263307094574 0.05489711835980415 0.08451758325099945 0.6515069007873535
7 0.4342873692512512 0.5276129245758057 0.05783691257238388 0.1333884298801422 0.5056056380271912
3 0.7721323370933533 0.7089544534683228 0.029732704162597656 0.04854397103190422 0.5020850896835327
3 0.13616299629211426 0.7462602257728577 0.0337124839425087 0.0884358286857605 0.47768908739089966
3 0.7716745138168335 0.6908121109008789 0.029080580919981003 0.08060871064662933 0.4248161315917969
7 0.5225640535354614 0.5011656284332275 0.035340119153261185 0.07918446511030197 0.36783143877983093
2 0.43342581391334534 0.5284387469291687 0.05622291564941406 0.13247951865196228 0.34367066621780396
2 0.8312387466430664 0.5432462096214294 0.046141814440488815 0.03644544631242752 0.2935211956501007
2 0.5225135684013367 0.5005388259887695 0.03461265563964844 0.07905332744121552 0.28241652250289917
