7 0.15144404768943787 0.5158621072769165 0.19911737740039825 0.2441881000995636 0.8311105966567993
2 0.3870522975921631 0.5534217953681946 0.047510337084531784 0.07961484789848328 0.7814254760742188
7 0.6197418570518494 0.5623108148574829 0.054415512830019 0.11035545915365219 0.6006608009338379
2 0.5174171328544617 0.5220328569412231 0.03938407823443413 0.08464524894952774 0.5440453886985779
5 0.39130502939224243 0.3964044749736786 0.038377903401851654 0.06234503909945488 0.47154974937438965
7 0.5174910426139832 0.5217786431312561 0.0395139679312706 0.08286963403224945 0.3787245452404022
2 0.5724763870239258 0.7404146790504456 0.12018279731273651 0.27709469199180603 0.32486236095428467
5 0.44791045784950256 0.3968348205089569 0.030194854363799095 0.06398671120405197 0.30955055356025696
2 0.8141986727714539 0.5094242095947266 0.044509172439575195 0.036106787621974945 0.2947027087211609
7 0.4471343159675598 0.39910897612571716 0.02895059622824192 0.05976053699851036 0.2670334577560425
