7 0.16846641898155212 0.5751563906669617 0.1988224983215332 0.2524493634700775 0.8319234848022461
2 0.6306684613227844 0.6821262836456299 0.07649745792150497 0.11429409682750702 0.5282022953033447
7 0.44348040223121643 0.4946686923503876 0.041727639734745026 0.06950217485427856 0.3897167444229126
0 0.6999467015266418 0.6070173382759094 0.017458725720643997 0.05573459342122078 0.3804610073566437
0 0.3226631283760071 0.558293879032135 0.01357412338256836 0.046327803283929825 0.3686118721961975
2 0.8282257318496704 0.5409733057022095 0.04774017259478569 0.03643646091222763 0.358956515789032
2 0.44328516721725464 0.49485015869140625 0.04208679124712944 0.07018721103668213 0.3082221746444702
7 0.413707435131073 0.4527764320373535 0.05124113708734512 0.07496490329504013 0.28557026386260986
7 0.5224003791809082 0.49469706416130066 0.029599666595458984 0.07121311128139496 0.2779771685600281
7 0.6312004327774048 0.6831250786781311 0.07408618927001953 0.1115875244140625 0.25490644574165344
