7 0.1514502316713333 0.5160901546478271 0.19931593537330627 0.24466349184513092 0.8251475095748901
2 0.38602209091186523 0.5568641424179077 0.04837093502283096 0.07988196611404419 0.7549523115158081
2 0.5171111822128296 0.520973801612854 0.039460182189941406 0.0844370499253273 0.5518824458122253
7 0.6174576878547668 0.5538025498390198 0.05484571307897568 0.11970587819814682 0.5270816087722778
5 0.3913450241088867 0.39642223715782166 0.03860674053430557 0.06242828443646431 0.4816841185092926
2 0.5692219138145447 0.7295315265655518 0.11956644058227539 0.2679629325866699 0.44229090213775635
7 0.5172094106674194 0.5204257965087891 0.03966846317052841 0.08284962922334671 0.35041698813438416
5 0.44727715849876404 0.3966985046863556 0.029765700921416283 0.0652686208486557 0.32633650302886963
2 0.8138874769210815 0.5094380974769592 0.044657133519649506 0.03613077849149704 0.29437020421028137
7 0.44661539793014526 0.3994392454624176 0.028464507311582565 0.06037648394703865 0.26763850450515747
