7 0.163589209318161 0.5653166770935059 0.193342924118042 0.2466057687997818 0.8464316129684448
5 0.2909926176071167 0.6075395345687866 0.12969627976417542 0.239210844039917 0.7401992678642273
2 0.43784666061401367 0.5075024962425232 0.026346206665039062 0.03914201632142067 0.5578405261039734
0 0.6440223455429077 0.5597378611564636 0.014844322577118874 0.04805247113108635 0.4379647970199585
2 0.5322787165641785 0.46396154165267944 0.02598590776324272 0.05070512741804123 0.3922347128391266
2 0.23812468349933624 0.9191637635231018 0.21499104797840118 0.15460018813610077 0.39182475209236145
5 0.4017244279384613 0.43618011474609375 0.037773896008729935 0.06183827668428421 0.38753417134284973
0 0.8557708859443665 0.7619608640670776 0.03189907222986221 0.09164699912071228 0.30139100551605225
5 0.6441543698310852 0.8607106804847717 0.2519262433052063 0.26762422919273376 0.2935248613357544
7 0.2388993203639984 0.921620786190033 0.21610784530639648 0.1521313190460205 0.28081196546554565
2 0.3306681215763092 0.4688073992729187 0.03342761844396591 0.048410288989543915 0.2729603350162506
