7 0.16714271903038025 0.57433021068573 0.19587326049804688 0.2522880434989929 0.8432897329330444
2 0.6982148289680481 0.641546368598938 0.06267175823450089 0.07951134443283081 0.8198883533477783
7 0.5414322018623352 0.576841413974762 0.049654386937618256 0.11321394145488739 0.4739404618740082
3 0.9474814534187317 0.8482603430747986 0.048970602452754974 0.11209987848997116 0.39263391494750977
5 0.40263447165489197 0.4435473680496216 0.03520183637738228 0.061214447021484375 0.34534984827041626
7 0.05989934876561165 0.926149845123291 0.11908479779958725 0.1351080983877182 0.3285819888114929
2 0.8287952542304993 0.540013313293457 0.04786529392004013 0.0364108607172966 0.2818879187107086
2 0.059896908700466156 0.92734694480896 0.11854355037212372 0.1396687775850296 0.26235270500183105
2 0.45424628257751465 0.45997798442840576 0.03778076171875 0.05406155064702034 0.25927478075027466
7 0.40273189544677734 0.4444250464439392 0.03643474727869034 0.061367712914943695 0.2589494287967682
