7 0.1669188290834427 0.5743824243545532 0.19542932510375977 0.2512969970703125 0.8100293278694153
2 0.5867330431938171 0.5966681838035583 0.04948616027832031 0.07574547827243805 0.5179904103279114
7 0.43124446272850037 0.5222994685173035 0.048291586339473724 0.08738691359758377 0.38810405135154724
0 0.6469290256500244 0.5541627407073975 0.014806652441620827 0.04436187818646431 0.362837553024292
0 0.28122350573539734 0.6040855646133423 0.01634984090924263 0.05983293429017067 0.3520607054233551
2 0.43020930886268616 0.5244691967964172 0.048540495336055756 0.08763504028320312 0.32490041851997375
2 0.8269559144973755 0.5411176085472107 0.04855232313275337 0.044715289026498795 0.30224844813346863
7 0.7796424627304077 0.5275002121925354 0.1126377135515213 0.10785709321498871 0.2969614565372467
5 0.4090973734855652 0.46313315629959106 0.04260225221514702 0.09946263581514359 0.27622732520103455
7 0.4079325795173645 0.46223703026771545 0.043355751782655716 0.0976630300283432 0.27024349570274353
