7 0.1692167967557907 0.5709481835365295 0.19579863548278809 0.25121766328811646 0.7856470942497253
2 0.3631261885166168 0.5727589130401611 0.05076541751623154 0.07831098884344101 0.7115278840065002
7 0.4381782114505768 0.5136473774909973 0.05393161624670029 0.12116673588752747 0.5310434699058533
3 0.8070099949836731 0.7476630210876465 0.030914878472685814 0.05682627484202385 0.42160481214523315
3 0.8065417408943176 0.7329013347625732 0.030334854498505592 0.08421965688467026 0.4034711718559265
3 0.16130799055099487 0.7088671922683716 0.029898475855588913 0.0897793248295784 0.39002618193626404
2 0.5230015516281128 0.5104958415031433 0.037790872156620026 0.08622724562883377 0.366476833820343
0 0.8054918050765991 0.7282204627990723 0.028820227831602097 0.08915439248085022 0.30822843313217163
0 0.8054386973381042 0.7047141790390015 0.02150859870016575 0.04449954628944397 0.2762860059738159
7 0.4057517647743225 0.4424711763858795 0.037261009216308594 0.06200476735830307 0.2749721109867096
2 0.8308622241020203 0.5430629849433899 0.045409392565488815 0.035006459802389145 0.2688162326812744
