7 0.15616688132286072 0.5590689778327942 0.19879205524921417 0.24894629418849945 0.8424317240715027
2 0.5102721452713013 0.5477586388587952 0.03548087924718857 0.05691714957356453 0.7006813883781433
7 0.568071186542511 0.5318193435668945 0.03906555101275444 0.08488015085458755 0.4283853769302368
0 0.658390998840332 0.5724442601203918 0.014840888790786266 0.052888743579387665 0.39737072587013245
0 0.9249521493911743 0.8698618412017822 0.03812255710363388 0.07923448085784912 0.38934025168418884
7 0.4089667797088623 0.43787357211112976 0.05463399738073349 0.07497549802064896 0.31426504254341125
5 0.19151529669761658 0.8364397883415222 0.34254172444343567 0.3142845928668976 0.31255027651786804
7 0.4183931350708008 0.43864142894744873 0.034569550305604935 0.07354990392923355 0.2988325357437134
3 0.9369556307792664 0.9254301190376282 0.033071327954530716 0.06937102973461151 0.294833779335022
5 0.4192332327365875 0.4373583495616913 0.03428535535931587 0.07434692233800888 0.28593820333480835
3 0.9281824231147766 0.9198120832443237 0.049346160143613815 0.08243086189031601 0.2786981165409088
