7 0.16568143665790558 0.5693854689598083 0.1939685344696045 0.24933530390262604 0.8279770612716675
3 0.18945488333702087 0.7060619592666626 0.026506543159484863 0.0978512242436409 0.46086978912353516
7 0.3829275071620941 0.4982835650444031 0.0563296303153038 0.1132168248295784 0.44139114022254944
7 0.4054754376411438 0.5854885578155518 0.06572458893060684 0.11883562058210373 0.42768776416778564
2 0.556483268737793 0.5301896929740906 0.03464698791503906 0.05933227390050888 0.3496249318122864
2 0.5562430024147034 0.5162606835365295 0.03529205173254013 0.08634999394416809 0.34366294741630554
5 0.3844817876815796 0.4976024329662323 0.057869959622621536 0.11562211811542511 0.3222711682319641
7 0.5573433637619019 0.5074858069419861 0.03274059295654297 0.09840698540210724 0.2953212857246399
0 0.6046606302261353 0.5095531940460205 0.010818863287568092 0.03936954215168953 0.27645331621170044
2 0.4053657650947571 0.5841023921966553 0.06870164722204208 0.12186957150697708 0.26721927523612976
2 0.8273129463195801 0.5419642925262451 0.05218849331140518 0.04986538365483284 0.25812387466430664
