7 0.16721786558628082 0.5742860436439514 0.19666016101837158 0.2532062232494354 0.8503917455673218
2 0.8032854199409485 0.966735303401947 0.15370693802833557 0.06593170017004013 0.7848083972930908
2 0.6754587292671204 0.6145328879356384 0.054258059710264206 0.07427707314491272 0.6758007407188416
3 0.8764393925666809 0.7957982420921326 0.035074423998594284 0.05757276713848114 0.46927058696746826
3 0.8750202059745789 0.7816992998123169 0.03649177402257919 0.08288370817899704 0.37519586086273193
7 0.4552581310272217 0.4662996828556061 0.03580770641565323 0.05504303053021431 0.3592059016227722
5 0.40275096893310547 0.4436907470226288 0.036312080919742584 0.06173248216509819 0.3500951826572418
0 0.8738452792167664 0.7553526163101196 0.027437591925263405 0.05510253831744194 0.3294319212436676
2 0.8278437852859497 0.5438701510429382 0.04877414554357529 0.04554002732038498 0.31294140219688416
0 0.8747527003288269 0.7719705104827881 0.034491539001464844 0.09020589292049408 0.2648095190525055
7 0.40282273292541504 0.4443642199039459 0.03753328323364258 0.06201375275850296 0.2587651312351227
