7 0.16637831926345825 0.5714443922042847 0.19464051723480225 0.25154536962509155 0.8092042803764343
3 0.21947181224822998 0.6738755106925964 0.024895381182432175 0.07514631748199463 0.6236180067062378
2 0.5636653900146484 0.5455673336982727 0.03645477443933487 0.06044548749923706 0.5588423013687134
7 0.41391268372535706 0.5650681257247925 0.06394998729228973 0.10865715891122818 0.3719664216041565
2 0.4112788140773773 0.565387487411499 0.060785867273807526 0.10879237204790115 0.35846707224845886
0 0.7930947542190552 0.7456790208816528 0.026643181219697 0.07475365698337555 0.2976993918418884
2 0.8266919851303101 0.5440374612808228 0.05140361934900284 0.05245191603899002 0.2905624508857727
3 0.7932012677192688 0.7713333368301392 0.03156242519617081 0.0638682022690773 0.28236719965934753
7 0.38688763976097107 0.4895710349082947 0.04130906984210014 0.09702928364276886 0.2808619737625122
0 0.6143618226051331 0.5207642316818237 0.01138162612915039 0.040283117443323135 0.2745925486087799
2 0.3858100473880768 0.49256131052970886 0.039685823023319244 0.09407060593366623 0.25929027795791626
