7 0.1668606698513031 0.5743768215179443 0.1959737241268158 0.25219014286994934 0.8320151567459106
2 0.6987754702568054 0.8196038007736206 0.12028779834508896 0.16932746767997742 0.7614777684211731
2 0.6382606625556946 0.5686506628990173 0.04164104536175728 0.0588701032102108 0.5568361282348633
3 0.7710613012313843 0.6752855181694031 0.026829909533262253 0.07169036567211151 0.5154427886009216
2 0.44950756430625916 0.4788622558116913 0.03675365447998047 0.06166602298617363 0.5077072978019714
0 0.7703794240951538 0.6731818318367004 0.02401742897927761 0.07105187326669693 0.36996665596961975
2 0.8274509310722351 0.5411899089813232 0.04975013807415962 0.04173431545495987 0.36625704169273376
7 0.4502386152744293 0.4784073829650879 0.034581758081912994 0.05928989127278328 0.32120874524116516
7 0.5278005599975586 0.517376720905304 0.034653473645448685 0.08878936618566513 0.2540473937988281
5 0.40228980779647827 0.4449485242366791 0.03467264026403427 0.061119165271520615 0.2508775591850281
