7 0.16726042330265045 0.5737056136131287 0.19406941533088684 0.2526763081550598 0.8160756230354309
2 0.5792339444160461 0.578319787979126 0.04565238952636719 0.07481647282838821 0.444489061832428
7 0.42696553468704224 0.5335757732391357 0.05372438579797745 0.09376491606235504 0.4001615047454834
7 0.40343379974365234 0.4677112102508545 0.04163169860839844 0.10356801003217697 0.3394196927547455
3 0.8944091796875 0.9054620265960693 0.04268608242273331 0.07438710331916809 0.3258447051048279
2 0.8265647888183594 0.5435135960578918 0.05015678331255913 0.05081753060221672 0.311730295419693
3 0.9041422009468079 0.9094455242156982 0.024225234985351562 0.06524522602558136 0.29165661334991455
7 0.7769959568977356 0.5252617597579956 0.10781421512365341 0.1094936802983284 0.28911876678466797
3 0.8915621042251587 0.8915023803710938 0.04467830806970596 0.10473090410232544 0.2713657319545746
0 0.6351608037948608 0.543134331703186 0.012797260656952858 0.04223734512925148 0.2692674994468689
