7 0.16537858545780182 0.5660150051116943 0.1956198513507843 0.24773195385932922 0.8448471426963806
7 0.3730669915676117 0.6768718957901001 0.11941862106323242 0.20531192421913147 0.5348979234695435
0 0.6877280473709106 0.6163541078567505 0.01937561109662056 0.061249542981386185 0.5276783108711243
5 0.35061708092689514 0.5334444642066956 0.08115553855895996 0.14528028666973114 0.434466689825058
2 0.5414225459098816 0.4904077351093292 0.028745269402861595 0.05451405793428421 0.36418309807777405
2 0.4448663592338562 0.43698492646217346 0.018289756029844284 0.04214850440621376 0.3637864291667938
0 0.033510472625494 0.8831855058670044 0.04562818259000778 0.11997036635875702 0.3453308045864105
0 0.5847764611244202 0.4836115539073944 0.009494781494140625 0.030890654772520065 0.3271690905094147
7 0.35083428025245667 0.5360293984413147 0.07996024936437607 0.14514753222465515 0.31672403216362
2 0.44779354333877563 0.48433226346969604 0.02191143110394478 0.031738195568323135 0.2872650921344757
2 0.5424976348876953 0.4789561927318573 0.02895059622824192 0.07475687563419342 0.26757562160491943
