7 0.16614072024822235 0.5646282434463501 0.1948709487915039 0.24977587163448334 0.8352324962615967
5 0.33448055386543274 0.5506700873374939 0.09381303936243057 0.1705898642539978 0.5767503380775452
2 0.4428888261318207 0.4377678632736206 0.01772785186767578 0.04723053053021431 0.5015578866004944
2 0.4445393681526184 0.4900463819503784 0.022926712408661842 0.02877095527946949 0.42296460270881653
7 0.3527161478996277 0.707651674747467 0.15308484435081482 0.33420300483703613 0.35298532247543335
2 0.5377600789070129 0.48310592770576477 0.02638254128396511 0.04882117360830307 0.3529091477394104
5 0.40160512924194336 0.4361647665500641 0.037227462977170944 0.06038767471909523 0.333019495010376
0 0.6709755659103394 0.5933175086975098 0.017528057098388672 0.05538821592926979 0.33130037784576416
5 0.3235109746456146 0.5565033555030823 0.07124213874340057 0.15427322685718536 0.30152639746665955
7 0.3456886410713196 0.7557829022407532 0.1373146027326584 0.2349645048379898 0.2696453630924225
7 0.7782875895500183 0.5246566534042358 0.10830116271972656 0.1032814010977745 0.26228460669517517
