7 0.16902978718280792 0.5723579525947571 0.1960659921169281 0.25208553671836853 0.8309761881828308
7 0.35846957564353943 0.7180328369140625 0.1620829552412033 0.3931466042995453 0.7016801238059998
2 0.2089049369096756 0.8267286419868469 0.13509759306907654 0.21685892343521118 0.6481473445892334
2 0.40587085485458374 0.4440235197544098 0.03523988649249077 0.056578826159238815 0.36645424365997314
2 0.4609312117099762 0.4279530942440033 0.01942768134176731 0.037026215344667435 0.31295108795166016
2 0.8730074167251587 0.8980181217193604 0.25258222222328186 0.1959572732448578 0.31126412749290466
5 0.6469584703445435 0.8284136652946472 0.22840499877929688 0.3280336260795593 0.27359357476234436
0 0.6544314026832581 0.5618668794631958 0.016278933733701706 0.04763607308268547 0.26691436767578125
2 0.5170210003852844 0.46057140827178955 0.02726163901388645 0.06488486379384995 0.26282137632369995
2 0.8314685821533203 0.5423615574836731 0.04732169955968857 0.0368109792470932 0.2579326033592224
