7 0.16920830309391022 0.571545422077179 0.19514425098896027 0.2510889768600464 0.8356943726539612
2 0.8978906869888306 0.9390808343887329 0.2027827799320221 0.11803080141544342 0.6335179805755615
7 0.36989790201187134 0.6848530173301697 0.14362163841724396 0.33520644903182983 0.6079619526863098
2 0.22996024787425995 0.7911425828933716 0.12098364531993866 0.19564750790596008 0.5799958109855652
7 0.2301686704158783 0.7918036580085754 0.12106333673000336 0.1971987783908844 0.3616298735141754
0 0.6594911813735962 0.5670027136802673 0.016272258013486862 0.051644474267959595 0.34795302152633667
2 0.5174428224563599 0.4645935893058777 0.02615070343017578 0.06227332353591919 0.34091565012931824
2 0.4058218002319336 0.44412320852279663 0.0349058136343956 0.056890953332185745 0.33206090331077576
2 0.8316723108291626 0.5428504347801208 0.046298980712890625 0.03693118691444397 0.27532637119293213
2 0.4616831839084625 0.4256347715854645 0.01996459998190403 0.03540259599685669 0.2534448206424713
