7 0.16874659061431885 0.5700523257255554 0.1965339183807373 0.24854262173175812 0.8203199505805969
2 0.33088383078575134 0.6236938238143921 0.06559467315673828 0.10148027539253235 0.7600457072257996
7 0.42181023955345154 0.5503755211830139 0.07068922370672226 0.16599613428115845 0.6567347645759583
3 0.7278926968574524 0.6440945267677307 0.022123336791992188 0.06748402863740921 0.49260413646698
2 0.5206801295280457 0.48907363414764404 0.03333339840173721 0.07743750512599945 0.44683101773262024
3 0.08657968789339066 0.8066370487213135 0.03627878427505493 0.09051869809627533 0.38064607977867126
0 0.7274068593978882 0.6434116959571838 0.020903205499053 0.06607716530561447 0.3622528314590454
3 0.07968298345804214 0.8169854283332825 0.023615766316652298 0.08007541298866272 0.3244207501411438
3 0.7280754446983337 0.6568636298179626 0.023191357031464577 0.04620174691081047 0.308781236410141
7 0.4059162735939026 0.4435062110424042 0.0364343635737896 0.06312111765146255 0.2687194347381592
2 0.830858588218689 0.5430901646614075 0.04601707309484482 0.03547058254480362 0.2613033652305603
