7 0.1691029667854309 0.5708569884300232 0.19565455615520477 0.25155606865882874 0.764797031879425
2 0.36634841561317444 0.5687583684921265 0.04817027971148491 0.07677137851715088 0.6657634973526001
7 0.43992072343826294 0.5107719302177429 0.05297374725341797 0.11583998054265976 0.4946348965167999
3 0.8178498148918152 0.7597396969795227 0.033708762377500534 0.05846862867474556 0.4346316456794739
3 0.16631679236888885 0.7049993276596069 0.02845745161175728 0.08343666791915894 0.381773978471756
2 0.43954962491989136 0.5105159878730774 0.051729965955019 0.11740443110466003 0.28994956612586975
2 0.5236097574234009 0.5122056007385254 0.03823738172650337 0.08653700351715088 0.28664445877075195
2 0.8304441571235657 0.544542670249939 0.04618186876177788 0.038589902222156525 0.2859688401222229
7 0.4058399200439453 0.4418496787548065 0.03736095502972603 0.061837345361709595 0.2738824784755707
0 0.8162504434585571 0.7293376326560974 0.02535095252096653 0.07234378159046173 0.269048273563385
7 0.5237679481506348 0.5126668214797974 0.0390256866812706 0.08427479863166809 0.26415231823921204
3 0.8169158697128296 0.742551863193512 0.032910920679569244 0.09082251787185669 0.2622324526309967
