7 0.1466551125049591 0.797795295715332 0.23358368873596191 0.39019250869750977 0.5688991546630859
7 0.16782894730567932 0.5651623606681824 0.19580011069774628 0.25619277358055115 0.513303816318512
2 0.4050820469856262 0.5100007057189941 0.033661652356386185 0.04264916479587555 0.43363678455352783
2 0.453007310628891 0.46600183844566345 0.038636207580566406 0.071632981300354 0.4252670705318451
7 0.19484111666679382 0.5226030349731445 0.140336275100708 0.16366475820541382 0.38347986340522766
7 0.12573130428791046 0.5933223962783813 0.10919807106256485 0.20021294057369232 0.3830820322036743
7 0.1698700487613678 0.5272959470748901 0.18953576683998108 0.173167422413826 0.35476118326187134
5 0.4035366177558899 0.4417610466480255 0.036061834543943405 0.060134124010801315 0.3504539728164673
7 0.5370095372200012 0.5891705751419067 0.06347160041332245 0.13841399550437927 0.28538745641708374
2 0.5365203022956848 0.5883476734161377 0.06450710445642471 0.1364729106426239 0.26565101742744446
2 0.8278903961181641 0.5481758713722229 0.04841194301843643 0.056731246411800385 0.25298455357551575
2 0.8285806775093079 0.5414400100708008 0.04702453687787056 0.03986545279622078 0.25118738412857056
