7 0.1519470065832138 0.5176682472229004 0.19961245357990265 0.24555765092372894 0.8237899541854858
2 0.38019195199012756 0.56964111328125 0.05070238187909126 0.08682183176279068 0.6833164095878601
5 0.5586069822311401 0.6881707310676575 0.10255737602710724 0.22849731147289276 0.5605423450469971
7 0.6097277402877808 0.5470248460769653 0.05138836055994034 0.1090121790766716 0.5416457653045654
5 0.3914453685283661 0.3970597982406616 0.03811650350689888 0.06343163549900055 0.39576977491378784
7 0.5149015188217163 0.5131852626800537 0.036426544189453125 0.07932925969362259 0.3728228807449341
2 0.8134166598320007 0.5101782083511353 0.046753644943237305 0.03660736232995987 0.3129265308380127
2 0.5150250196456909 0.5132283568382263 0.036484621465206146 0.08202514797449112 0.3075333833694458
5 0.4462803900241852 0.3982824981212616 0.03217201307415962 0.06682120263576508 0.281606525182724
2 0.5586179494857788 0.6879318952560425 0.10507974773645401 0.22836074233055115 0.27130794525146484
