7 0.16685441136360168 0.5742172002792358 0.19598576426506042 0.25227388739585876 0.8401039242744446
2 0.6954492330551147 0.6391019821166992 0.060767173767089844 0.07942259311676025 0.7676310539245605
2 0.05134741589426994 0.9400752782821655 0.10246296972036362 0.11454315483570099 0.6945875883102417
7 0.541307806968689 0.5718150734901428 0.049510858952999115 0.11168670654296875 0.49308356642723083
5 0.40269261598587036 0.44348764419555664 0.03523099422454834 0.061242759227752686 0.3362593352794647
3 0.9385194778442383 0.8574830889701843 0.04606208950281143 0.07140994817018509 0.33452990651130676
2 0.8288204073905945 0.540187656879425 0.04774627834558487 0.036610160022974014 0.28612086176872253
7 0.45598968863487244 0.4614097476005554 0.035008810460567474 0.0528750941157341 0.28230905532836914
0 0.9374598264694214 0.8366701006889343 0.0444452278316021 0.10562065988779068 0.27639758586883545
7 0.40280038118362427 0.4444664716720581 0.036574553698301315 0.06107381358742714 0.26018568873405457
2 0.4550197720527649 0.4605260193347931 0.037270355969667435 0.05425754189491272 0.25294601917266846
