7 0.16493847966194153 0.5689443349838257 0.19367103278636932 0.25386402010917664 0.8469389081001282
5 0.28155088424682617 0.6175237894058228 0.13964614272117615 0.25356021523475647 0.7095206379890442
5 0.6488129496574402 0.8450039625167847 0.251840204000473 0.2997826039791107 0.5658653974533081
2 0.43749746680259705 0.5097016096115112 0.0255297664552927 0.04357977956533432 0.4919566214084625
2 0.2189827859401703 0.946467399597168 0.20810814201831818 0.10559149831533432 0.4060169756412506
2 0.5317131876945496 0.46528616547584534 0.025502968579530716 0.04482811689376831 0.3946249186992645
5 0.40187400579452515 0.43644291162490845 0.03801383823156357 0.06158887967467308 0.3833598494529724
2 0.3308122158050537 0.4691098630428314 0.03530073165893555 0.04694383591413498 0.3105367124080658
0 0.8399590253829956 0.7373620867729187 0.027303505688905716 0.07792138308286667 0.29094651341438293
3 0.8400676846504211 0.7722740173339844 0.030942153185606003 0.04538184404373169 0.28659600019454956
0 0.6403347253799438 0.5546591281890869 0.014165401458740234 0.04555392637848854 0.2645983397960663
3 0.8396295309066772 0.7500312924385071 0.030994225293397903 0.08450283110141754 0.2642758786678314
