7 0.16907067596912384 0.5722941756248474 0.19523468613624573 0.2536682188510895 0.8294532299041748
2 0.34188947081565857 0.6059262752532959 0.05912918969988823 0.09637035429477692 0.6548669338226318
7 0.4271814823150635 0.53976970911026 0.06974983215332031 0.14645631611347198 0.5416169762611389
2 0.5212685465812683 0.49338775873184204 0.033388517796993256 0.07681512087583542 0.5093988180160522
3 0.7454746961593628 0.6672649383544922 0.026190947741270065 0.06802935898303986 0.49943646788597107
3 0.10771820694208145 0.7849675416946411 0.02817564085125923 0.07987331598997116 0.42315542697906494
3 0.7457313537597656 0.6771355271339417 0.027121257036924362 0.05082329735159874 0.34428340196609497
3 0.11074106395244598 0.7740785479545593 0.03238386660814285 0.0923444926738739 0.28201353549957275
2 0.8310149908065796 0.5429327487945557 0.04603767395019531 0.03558095172047615 0.2796470522880554
2 0.4057156443595886 0.4433382749557495 0.035799600183963776 0.06200069934129715 0.25721240043640137
