2 0.6673795580863953 0.7586778402328491 0.0962596908211708 0.1396297812461853 0.8864428997039795
7 0.16868095099925995 0.5747367143630981 0.19931288063526154 0.25354334712028503 0.8276053667068481
2 0.6255303621292114 0.5549836754798889 0.04001350328326225 0.051565974950790405 0.6345170736312866
0 0.7401881217956543 0.6443852186203003 0.02073192596435547 0.06419694423675537 0.38801929354667664
2 0.8282400369644165 0.5410535335540771 0.04824218899011612 0.03734419122338295 0.3738088011741638
2 0.4483059346675873 0.4846894145011902 0.038550473749637604 0.06224246695637703 0.34736311435699463
7 0.4480311870574951 0.484344482421875 0.03678073734045029 0.06333380937576294 0.3278859257698059
3 0.74072265625 0.6450331807136536 0.022113990038633347 0.06591881811618805 0.3179488778114319
7 0.5252087712287903 0.5105883479118347 0.03206291049718857 0.07907748967409134 0.2811870276927948
7 0.415666401386261 0.44865307211875916 0.0602295882999897 0.06787872314453125 0.2799173593521118
3 0.740878701210022 0.6597751379013062 0.023265648633241653 0.04051683098077774 0.2638770043849945
7 0.4063919186592102 0.44759342074394226 0.04313795641064644 0.06466878205537796 0.25149980187416077
