7 0.13144564628601074 0.8020929098129272 0.2524288296699524 0.3848437964916229 0.660555362701416
7 0.16949257254600525 0.5644286870956421 0.19563829898834229 0.25449150800704956 0.5790404081344604
2 0.45240718126296997 0.46635597944259644 0.03889865800738335 0.07335934042930603 0.3658028542995453
2 0.4035152494907379 0.5109438300132751 0.0349750742316246 0.04392784833908081 0.3521672785282135
7 0.5357893109321594 0.5830253958702087 0.061658669263124466 0.13189120590686798 0.3411075472831726
7 0.12591078877449036 0.5915950536727905 0.10760512202978134 0.19583334028720856 0.32078200578689575
7 0.19507844746112823 0.5270137190818787 0.14185944199562073 0.17529423534870148 0.31629785895347595
5 0.40390461683273315 0.44180768728256226 0.03673143312335014 0.059292688965797424 0.3120591342449188
2 0.8281137347221375 0.548618733882904 0.04774494096636772 0.056391481310129166 0.27637627720832825
2 0.8288957476615906 0.5416504144668579 0.0464935302734375 0.03952060267329216 0.26878294348716736
