7 0.1656971424818039 0.566038966178894 0.195041224360466 0.2502281963825226 0.8295203447341919
0 0.11132055521011353 0.793416440486908 0.03490738943219185 0.10087738186120987 0.5757929682731628
7 0.390286922454834 0.6360206604003906 0.09387750923633575 0.15563999116420746 0.48764705657958984
2 0.547339141368866 0.49450811743736267 0.030766868963837624 0.07473212480545044 0.45712152123451233
0 0.7104589343070984 0.6456868648529053 0.019881058484315872 0.06554734706878662 0.4488155245780945
3 0.10262180864810944 0.8345930576324463 0.022375058382749557 0.07099287211894989 0.38916605710983276
7 0.35889020562171936 0.5162448883056641 0.05623311921954155 0.1234317347407341 0.33613693714141846
3 0.1082923635840416 0.8263981938362122 0.03271918371319771 0.0851338729262352 0.306315153837204
3 0.11069197952747345 0.80721116065979 0.03677785396575928 0.1086934432387352 0.3022460341453552
2 0.45075052976608276 0.4725489616394043 0.020360564813017845 0.03146820142865181 0.27442726492881775
2 0.3571704924106598 0.5168603658676147 0.05164027214050293 0.12354973703622818 0.2558216154575348
