7 0.16533628106117249 0.5687140822410583 0.19413530826568604 0.25552114844322205 0.8385227918624878
5 0.27152374386787415 0.6321126818656921 0.15086980164051056 0.2673267722129822 0.6593443751335144
5 0.6485729217529297 0.8325349688529968 0.2454366683959961 0.32205909490585327 0.5042166709899902
0 0.8252326846122742 0.7294439673423767 0.02941436693072319 0.08650173246860504 0.4012575149536133
2 0.43617144227027893 0.5140344500541687 0.02823667600750923 0.043762799352407455 0.3791210949420929
3 0.8261893391609192 0.7478456497192383 0.03039226494729519 0.0615946464240551 0.3653620183467865
5 0.4013579785823822 0.43607795238494873 0.036248017102479935 0.060406409204006195 0.3541581630706787
2 0.8317750692367554 0.5356137752532959 0.05637016147375107 0.04033525288105011 0.2635236978530884
0 0.6365343928337097 0.5517711043357849 0.014216328039765358 0.04851870983839035 0.25697198510169983
2 0.5289171934127808 0.4671742618083954 0.02398843690752983 0.0376502126455307 0.25593551993370056
