7 0.16928699612617493 0.5718905925750732 0.19504690170288086 0.25342094898223877 0.7358478903770447
2 0.37221893668174744 0.5613062381744385 0.04621844366192818 0.06849348545074463 0.718027651309967
3 0.8450172543525696 0.7885842323303223 0.036893654614686966 0.06546630710363388 0.4761934280395508
7 0.44125470519065857 0.5038278102874756 0.048877716064453125 0.10986065119504929 0.41525998711586
2 0.5247370600700378 0.5174080729484558 0.040152836591005325 0.08779246360063553 0.3701169192790985
2 0.4414307475090027 0.5113866329193115 0.046747397631406784 0.09607332199811935 0.32278984785079956
7 0.5242493748664856 0.5178512334823608 0.04073839262127876 0.08932910859584808 0.317052960395813
2 0.8300474882125854 0.5444486737251282 0.047509193420410156 0.0391303151845932 0.29298779368400574
2 0.8295195698738098 0.5503965020179749 0.04749927669763565 0.05522393062710762 0.2653442323207855
0 0.843751072883606 0.7449567914009094 0.020979881286621094 0.05299343541264534 0.2585662603378296
