7 0.15175822377204895 0.5179359316825867 0.19963116943836212 0.24551764130592346 0.8351285457611084
2 0.37909722328186035 0.5729683041572571 0.05080366134643555 0.09023420512676239 0.6467571258544922
5 0.5557597279548645 0.6832184791564941 0.0999002456665039 0.22575785219669342 0.5559069514274597
7 0.6082359552383423 0.543151319026947 0.05054054409265518 0.10681796818971634 0.5472521185874939
5 0.39141571521759033 0.3974115252494812 0.038181256502866745 0.0634189173579216 0.3984536826610565
2 0.5558775067329407 0.683278501033783 0.10084934532642365 0.22526761889457703 0.35814520716667175
2 0.5147218704223633 0.5118435025215149 0.036066245287656784 0.08041856437921524 0.3294905126094818
2 0.8136832118034363 0.5099784135818481 0.04574146121740341 0.03625793382525444 0.3235117197036743
7 0.5146663188934326 0.5116485357284546 0.03654079511761665 0.07806549221277237 0.31443485617637634
5 0.4459344446659088 0.40037328004837036 0.03262672573328018 0.06599697470664978 0.3140260577201843
