7 0.1636851578950882 0.5656559467315674 0.1934369057416916 0.24780087172985077 0.8454476594924927
2 0.43891364336013794 0.5052829384803772 0.025602340698242188 0.03823157399892807 0.545826256275177
5 0.2997468113899231 0.5943997502326965 0.12222561985254288 0.2205347716808319 0.44791337847709656
0 0.6472865343093872 0.5644509196281433 0.015132904052734375 0.047297753393650055 0.4156094193458557
0 0.8723163604736328 0.7691971063613892 0.033023834228515625 0.0810767263174057 0.36970239877700806
2 0.5900939702987671 0.8774466514587402 0.150004580616951 0.23483140766620636 0.3390040695667267
5 0.4016079008579254 0.4360543489456177 0.037435341626405716 0.06133897602558136 0.3372615873813629
3 0.8730602264404297 0.7999539971351624 0.03591880947351456 0.07186669111251831 0.2720921039581299
2 0.269984632730484 0.8945090174674988 0.20688720047473907 0.20312805473804474 0.26794642210006714
7 0.29943856596946716 0.5954970717430115 0.121942900121212 0.22110629081726074 0.26469263434410095
2 0.328987181186676 0.4664522707462311 0.030673837289214134 0.04219190776348114 0.25045812129974365
