7 0.15162314474582672 0.5183939337730408 0.1998961716890335 0.24546177685260773 0.8334918022155762
5 0.554544985294342 0.6753772497177124 0.09812460094690323 0.22018016874790192 0.6560437083244324
2 0.3778235912322998 0.5753263831138611 0.05296049267053604 0.09260593354701996 0.6518453359603882
7 0.6066989898681641 0.5422681570053101 0.04978065565228462 0.10585767775774002 0.5289697051048279
5 0.39198383688926697 0.39778536558151245 0.03814191743731499 0.06266631931066513 0.39441123604774475
2 0.5138394832611084 0.5094047784805298 0.03492917865514755 0.07815060019493103 0.33486899733543396
5 0.4457172453403473 0.40134331583976746 0.03288326412439346 0.06532703340053558 0.3228517472743988
7 0.5141942501068115 0.5095343589782715 0.03575325012207031 0.07737274467945099 0.2979854345321655
2 0.8132721185684204 0.5099231004714966 0.04711346700787544 0.03628217801451683 0.2978934347629547
2 0.5548124313354492 0.6754850149154663 0.09813060611486435 0.22270482778549194 0.28677263855934143
