7 0.168485626578331 0.5699449181556702 0.19748461246490479 0.24957089126110077 0.8193305134773254
2 0.33263736963272095 0.620705246925354 0.06522917747497559 0.10211283713579178 0.8095182180404663
7 0.4244709014892578 0.5500267744064331 0.07122556865215302 0.1611596792936325 0.5344172716140747
3 0.0900593176484108 0.8045133948326111 0.034998465329408646 0.09074842929840088 0.5174782872200012
0 0.730089008808136 0.6460385918617249 0.019673537462949753 0.06873439997434616 0.48389726877212524
3 0.7302607893943787 0.6577416062355042 0.023336410522460938 0.04976094514131546 0.44063591957092285
2 0.5205956697463989 0.4894542992115021 0.033403873443603516 0.07834218442440033 0.432521790266037
7 0.42334094643592834 0.5684373378753662 0.06450529396533966 0.12512055039405823 0.3348565399646759
2 0.40576520562171936 0.4431303143501282 0.03597593307495117 0.06176638975739479 0.2768848240375519
2 0.8306220173835754 0.5422322750091553 0.045252420008182526 0.032783083617687225 0.25446629524230957
