7 0.16939333081245422 0.5708744525909424 0.19541282951831818 0.25076717138290405 0.7929408550262451
2 0.35621780157089233 0.5852866768836975 0.055165957659482956 0.08203718066215515 0.6171293258666992
3 0.1421903669834137 0.7374560832977295 0.03053874894976616 0.08347626030445099 0.5556788444519043
3 0.7805806994438171 0.7116572856903076 0.028964996337890625 0.06308271735906601 0.5236878395080566
7 0.43456706404685974 0.5226283669471741 0.05812358856201172 0.13050808012485504 0.5002649426460266
0 0.7800189852714539 0.6826971173286438 0.020659064874053 0.052460309118032455 0.3513663113117218
2 0.43417710065841675 0.5243597030639648 0.05591735988855362 0.1266002207994461 0.3460598587989807
7 0.5226309895515442 0.5027800798416138 0.035638999193906784 0.0811801478266716 0.34328290820121765
2 0.5227341651916504 0.501985490322113 0.03541088104248047 0.08038457483053207 0.2949398458003998
2 0.8309620022773743 0.5431243181228638 0.04581470414996147 0.03540021926164627 0.27634546160697937
