7 0.16604967415332794 0.5666942000389099 0.19530639052391052 0.25146612524986267 0.8340506553649902
7 0.39426228404045105 0.6181267499923706 0.08727364242076874 0.14927639067173004 0.41450437903404236
3 0.13126710057258606 0.7850598096847534 0.03303809091448784 0.10586954653263092 0.4103827476501465
2 0.392449289560318 0.6185658574104309 0.08377476036548615 0.147308349609375 0.40409407019615173
0 0.7198243141174316 0.6574281454086304 0.020868873223662376 0.06767629086971283 0.388038694858551
7 0.36193251609802246 0.5143805742263794 0.047127485275268555 0.11998731642961502 0.3207637071609497
0 0.5943110585212708 0.4941890239715576 0.009718132205307484 0.03133833035826683 0.3167330324649811
2 0.45190858840942383 0.47130662202835083 0.02011089399456978 0.03066253662109375 0.3028554916381836
2 0.5492051839828491 0.5078769326210022 0.03211355209350586 0.06020117923617363 0.2708132266998291
2 0.36181697249412537 0.5137602686882019 0.046241093426942825 0.11967586725950241 0.25935739278793335
3 0.12941472232341766 0.7984747290611267 0.030352449044585228 0.0800611674785614 0.25416773557662964
