7 0.16561231017112732 0.5643197894096375 0.19460061192512512 0.2497829794883728 0.8444399237632751
5 0.32083219289779663 0.5676565170288086 0.10285978019237518 0.1901613026857376 0.5947951078414917
7 0.3298225700855255 0.785709798336029 0.18263602256774902 0.36717256903648376 0.4518589675426483
2 0.6438190937042236 0.9527616500854492 0.21539172530174255 0.08993428200483322 0.4395388066768646
0 0.6601945161819458 0.5813010334968567 0.015821075066924095 0.05193142220377922 0.3838549554347992
2 0.5358431935310364 0.46812355518341064 0.027176856994628906 0.06192779541015625 0.3514488637447357
5 0.40173473954200745 0.4360068738460541 0.03795163705945015 0.060409460216760635 0.3288569450378418
7 0.6433416604995728 0.9526849389076233 0.21479777991771698 0.09162037819623947 0.31543198227882385
2 0.4429250657558441 0.49794939160346985 0.02413635328412056 0.03050587885081768 0.2826603055000305
2 0.4408912658691406 0.44422557950019836 0.02017955854535103 0.042595162987709045 0.2761869430541992
3 0.9325577020645142 0.8454312682151794 0.04519806057214737 0.11876525729894638 0.26359468698501587
7 0.7765253782272339 0.5224257707595825 0.10496463626623154 0.10377248376607895 0.25324517488479614
