7 0.16911402344703674 0.570158839225769 0.19552533328533173 0.25291088223457336 0.788051187992096
2 0.37800973653793335 0.5477944612503052 0.04476175457239151 0.06762559711933136 0.7118275761604309
3 0.8827618360519409 0.8311159014701843 0.04121513292193413 0.07460056245326996 0.4968612492084503
3 0.8822373151779175 0.8147773146629333 0.041738320142030716 0.10483093559741974 0.4341530203819275
7 0.44324102997779846 0.49123430252075195 0.046201229095458984 0.10638368129730225 0.40230593085289
7 0.5257032513618469 0.5273699164390564 0.04244537279009819 0.09390250593423843 0.3787515461444855
2 0.5259922742843628 0.5266821384429932 0.04227142408490181 0.09477284550666809 0.3268529772758484
2 0.8296964764595032 0.544837474822998 0.04742832109332085 0.03920372948050499 0.29969969391822815
0 0.8802797198295593 0.8021484613418579 0.0366641990840435 0.09192504733800888 0.2856101393699646
2 0.8292251825332642 0.550932765007019 0.04769134521484375 0.0553114153444767 0.28136831521987915
7 0.40464887022972107 0.4422815144062042 0.03588654845952988 0.06189049780368805 0.2545444667339325
