7 0.16597679257392883 0.568690299987793 0.1949034482240677 0.24877387285232544 0.8137819170951843
3 0.1928599327802658 0.7051907777786255 0.02618999406695366 0.08565029501914978 0.5612358450889587
7 0.40822476148605347 0.5803263187408447 0.06897716224193573 0.12427910417318344 0.4417303502559662
7 0.38387244939804077 0.4975147545337677 0.05508608743548393 0.11189591884613037 0.4198436439037323
2 0.5568662881851196 0.5166385173797607 0.034786321222782135 0.08778093010187149 0.3371163010597229
2 0.4096592962741852 0.5814924836158752 0.07312097400426865 0.12134645134210587 0.3302711546421051
7 0.557736873626709 0.5087125897407532 0.03265418857336044 0.10030314326286316 0.3201213479042053
5 0.3844110369682312 0.4962659478187561 0.056943655014038086 0.11428146064281464 0.3200511932373047
2 0.55711829662323 0.5312835574150085 0.03397426754236221 0.05839860811829567 0.3127020001411438
0 0.6060402989387512 0.5111382603645325 0.010877227410674095 0.03911522775888443 0.31117379665374756
7 0.559843897819519 0.49848368763923645 0.02731304243206978 0.07970207929611206 0.2811926305294037
7 0.40966469049453735 0.5529059767723083 0.07274246215820312 0.17691878974437714 0.2517368495464325
