7 0.1688086986541748 0.5701651573181152 0.19641637802124023 0.24869824945926666 0.8137266039848328
2 0.32814258337020874 0.6276844143867493 0.06785869598388672 0.10351206362247467 0.7478423714637756
7 0.4207015037536621 0.5538566708564758 0.07296476513147354 0.17059877514839172 0.7124046683311462
2 0.5205986499786377 0.4880867302417755 0.032822512090206146 0.07658818364143372 0.45118555426597595
3 0.7243634462356567 0.6410241723060608 0.023037338629364967 0.06701185554265976 0.43767866492271423
0 0.7239572405815125 0.6405876278877258 0.02200756035745144 0.06604664772748947 0.36646804213523865
3 0.08099303394556046 0.8087899088859558 0.04212169721722603 0.10536261647939682 0.3010420501232147
2 0.8303918838500977 0.5423798561096191 0.045601654797792435 0.03294626995921135 0.26257362961769104
7 0.4060215950012207 0.4444841146469116 0.036965273320674896 0.06552565097808838 0.26057755947113037
3 0.07586225122213364 0.8210310935974121 0.028971124440431595 0.08601599931716919 0.2529961168766022
