7 0.15466128289699554 0.5556970834732056 0.19961974024772644 0.2502031922340393 0.8368826508522034
7 0.6169877052307129 0.6395261287689209 0.07037200778722763 0.1356331706047058 0.7480356693267822
2 0.5369068384170532 0.7157689332962036 0.06711788475513458 0.11896434426307678 0.7170544862747192
5 0.36796051263809204 0.6121755242347717 0.10693101584911346 0.2558820843696594 0.5847358107566833
7 0.3678256869316101 0.6116583347320557 0.11026029288768768 0.2599458396434784 0.5183599591255188
0 0.8571693301200867 0.7884087562561035 0.03713073581457138 0.10594329982995987 0.36238405108451843
2 0.5034500360488892 0.4362354576587677 0.021833324804902077 0.05135972797870636 0.33807307481765747
3 0.8572370409965515 0.7908965945243835 0.03807258605957031 0.10140109807252884 0.31072402000427246
5 0.39634793996810913 0.4264775514602661 0.04052124172449112 0.0600314661860466 0.2742011249065399
2 0.8201179504394531 0.5297144651412964 0.04276080057024956 0.03331688791513443 0.2540220022201538
