7 0.16443967819213867 0.5654890537261963 0.19462451338768005 0.24730843305587769 0.8365832567214966
5 0.3073677122592926 0.5868428349494934 0.11525917053222656 0.20676930248737335 0.6643823385238647
7 0.30631694197654724 0.7996185421943665 0.22571496665477753 0.38806867599487305 0.5505579113960266
0 0.6513621211051941 0.5686032772064209 0.014679145999252796 0.05105828121304512 0.4689404368400574
2 0.4407668709754944 0.5037959814071655 0.024950886145234108 0.0361701101064682 0.46092063188552856
2 0.6472919583320618 0.8973920941352844 0.24480876326560974 0.19912923872470856 0.3833693265914917
5 0.4017924666404724 0.4360399842262268 0.037797071039676666 0.06111043319106102 0.379709392786026
3 0.8912774920463562 0.8041022419929504 0.03772468492388725 0.10154689848423004 0.339645653963089
2 0.5337579846382141 0.4646303355693817 0.026876449584960938 0.056844331324100494 0.2869114875793457
0 0.8910472989082336 0.788634717464447 0.033097267150878906 0.08227233588695526 0.25588247179985046
