7 0.1691398322582245 0.5746253132820129 0.20061631500720978 0.2533784508705139 0.8278638124465942
2 0.6611942648887634 0.7407955527305603 0.09288577735424042 0.13734295964241028 0.7589429616928101
2 0.6230177879333496 0.5523384809494019 0.0377233512699604 0.05215064063668251 0.528923749923706
3 0.7324829697608948 0.6385447382926941 0.0206280704587698 0.06326048076152802 0.4415910840034485
0 0.7325131297111511 0.638649046421051 0.019855881109833717 0.06254339963197708 0.429354727268219
7 0.44730645418167114 0.48572543263435364 0.03845348209142685 0.06466217339038849 0.4058837890625
2 0.4478938579559326 0.4848979413509369 0.03956890106201172 0.06451534479856491 0.365728497505188
2 0.8282276391983032 0.5411503911018372 0.04825935512781143 0.036837682127952576 0.364553302526474
58 0.6228646636009216 0.5515109896659851 0.037894345819950104 0.053885310888290405 0.3355458676815033
7 0.524634838104248 0.5063585042953491 0.03141937404870987 0.07861065119504929 0.2829141914844513
7 0.41585415601730347 0.4484539330005646 0.060471631586551666 0.07006055861711502 0.2672022879123688
