7 0.16953106224536896 0.5746800899505615 0.20117703080177307 0.25320351123809814 0.8233492374420166
2 0.6584500670433044 0.7367184162139893 0.09013776481151581 0.13386675715446472 0.7931109666824341
2 0.6216815710067749 0.5497846007347107 0.03908348083496094 0.051958464086055756 0.5173904895782471
7 0.4467574954032898 0.4866040050983429 0.03887806087732315 0.06484256684780121 0.4072050452232361
0 0.729730486869812 0.6355369687080383 0.019966697320342064 0.06287112832069397 0.39228057861328125
2 0.8282573819160461 0.5411204695701599 0.04831523820757866 0.03663957491517067 0.35295072197914124
3 0.7298353314399719 0.6359058022499084 0.021368790417909622 0.06442413479089737 0.3173278272151947
2 0.4475727081298828 0.4863944947719574 0.03961210325360298 0.06456654518842697 0.29578715562820435
7 0.5244393348693848 0.5043237805366516 0.03220977634191513 0.07618188112974167 0.29453033208847046
7 0.4160105586051941 0.44884201884269714 0.05922555923461914 0.07060114294290543 0.25006380677223206
