2 0.7816750407218933 0.9322221279144287 0.16988277435302734 0.13207024335861206 0.8562476634979248
7 0.16700497269630432 0.5748318433761597 0.1971600502729416 0.25340303778648376 0.8476312160491943
2 0.6645582318305969 0.6010182499885559 0.050833892077207565 0.06989322602748871 0.6578109860420227
3 0.8439105749130249 0.758819580078125 0.033637046813964844 0.05871378630399704 0.4578869640827179
0 0.3587931990623474 0.5164433121681213 0.013498783111572266 0.040477924048900604 0.3537880778312683
5 0.4023522436618805 0.44417038559913635 0.035355377942323685 0.06184251606464386 0.35247692465782166
2 0.8286933898925781 0.5410388708114624 0.04831581190228462 0.03749559074640274 0.3083939552307129
7 0.5331241488456726 0.5446141958236694 0.040726661682128906 0.101404570043087 0.30274009704589844
0 0.8408582806587219 0.7327828407287598 0.025215530768036842 0.0639353021979332 0.27339524030685425
2 0.4553205370903015 0.46885761618614197 0.038288116455078125 0.057354651391506195 0.270647794008255
