7 0.16697075963020325 0.5748674869537354 0.19715599715709686 0.2533188760280609 0.8482915163040161
2 0.7901115417480469 0.9393686056137085 0.1759204864501953 0.12126278132200241 0.847317099571228
2 0.6668254733085632 0.6022969484329224 0.05088920518755913 0.0728626698255539 0.4939654469490051
3 0.8496500253677368 0.7666654586791992 0.033725738525390625 0.05427686870098114 0.4113616943359375
3 0.8487472534179688 0.7512885332107544 0.03410682827234268 0.08403858542442322 0.3594065308570862
5 0.4022562503814697 0.4441356658935547 0.035310935229063034 0.06173672154545784 0.34186697006225586
0 0.35972994565963745 0.5158596038818359 0.013222789391875267 0.03889770433306694 0.3397747576236725
2 0.8286072611808777 0.5414177775382996 0.048136137425899506 0.03831804171204567 0.2983502149581909
2 0.45552903413772583 0.4684135317802429 0.03776092454791069 0.056460145860910416 0.28113535046577454
7 0.4550793766975403 0.46731728315353394 0.036362744867801666 0.05692410096526146 0.2648574113845825
