7 0.16662001609802246 0.5760796666145325 0.1926429718732834 0.2528284788131714 0.8248202204704285
2 0.612481951713562 0.6464605331420898 0.06350459903478622 0.09932946413755417 0.800369918346405
2 0.8273804783821106 0.5469679236412048 0.04903755336999893 0.052907563745975494 0.41411176323890686
0 0.3100815415382385 0.5716845393180847 0.01490859966725111 0.05400899425148964 0.3550835847854614
2 0.4399181008338928 0.5034943222999573 0.04292573779821396 0.0759698674082756 0.3468320071697235
7 0.43961209058761597 0.5032281875610352 0.04180927202105522 0.07365874946117401 0.32385027408599854
7 0.4113171100616455 0.45391353964805603 0.05103464052081108 0.08315989375114441 0.31928372383117676
0 0.6791826486587524 0.5863037705421448 0.015565681271255016 0.05189395323395729 0.3022776246070862
2 0.5997787117958069 0.5236060619354248 0.033071327954530716 0.04573364183306694 0.2683517336845398
7 0.5206125974655151 0.4825160503387451 0.027486801147460938 0.06864793598651886 0.2522435784339905
