7 0.16817587614059448 0.5746017694473267 0.19837705790996552 0.25345492362976074 0.829110860824585
2 0.674915075302124 0.7713324427604675 0.10059309005737305 0.14584286510944366 0.8015315532684326
2 0.6280918121337891 0.5578683614730835 0.0429571159183979 0.05437350645661354 0.6650418043136597
3 0.7472007274627686 0.6534849405288696 0.025208091363310814 0.06668803095817566 0.5827288031578064
0 0.7462323307991028 0.6518832445144653 0.021540259942412376 0.06562754511833191 0.48645323514938354
7 0.4484488368034363 0.4826257824897766 0.03570900112390518 0.062224578112363815 0.36850544810295105
2 0.8281601071357727 0.5408090949058533 0.04850311204791069 0.03744235634803772 0.3608292043209076
7 0.525550901889801 0.5109304189682007 0.032852936536073685 0.08375032246112823 0.3461424708366394
2 0.448309987783432 0.48310208320617676 0.035707853734493256 0.06232621893286705 0.3001210689544678
5 0.4155183732509613 0.44597914814949036 0.06047632545232773 0.06254831701517105 0.27086514234542847
7 0.4167136549949646 0.44698765873908997 0.0626000389456749 0.06759694218635559 0.260410338640213
