7 0.15450170636177063 0.5571866035461426 0.19898203015327454 0.2497250884771347 0.8400794267654419
5 0.357107937335968 0.6390518546104431 0.12386007606983185 0.2941918969154358 0.7824119925498962
2 0.5306189060211182 0.6785678267478943 0.06060447543859482 0.10980156809091568 0.7268674969673157
7 0.6067001223564148 0.6154286861419678 0.06362323462963104 0.1356731802225113 0.64202481508255
0 0.8145478963851929 0.7345690131187439 0.030549192801117897 0.08139309287071228 0.4436054229736328
2 0.5035761594772339 0.4342457950115204 0.022361183539032936 0.04831916093826294 0.4150042235851288
7 0.3569260537624359 0.6376171708106995 0.12465152889490128 0.29352009296417236 0.3939845860004425
3 0.8137432336807251 0.7433808445930481 0.0339113250374794 0.09467485547065735 0.31161385774612427
5 0.3962460458278656 0.4279828667640686 0.03999318927526474 0.059048376977443695 0.26728978753089905
7 0.7634309530258179 0.517358660697937 0.09603242576122284 0.10274827480316162 0.2589882016181946
2 0.39375853538513184 0.42957034707069397 0.036102961748838425 0.05897539108991623 0.2549087107181549
