7 0.16992990672588348 0.5716161727905273 0.1949617862701416 0.24899639189243317 0.8133081793785095
7 0.2840668559074402 0.7888639569282532 0.2797223925590515 0.41311946511268616 0.6091752052307129
7 0.8076009750366211 0.8169545531272888 0.3154143691062927 0.35659536719322205 0.5524309873580933
2 0.09617350995540619 0.931061327457428 0.1362297087907791 0.13113132119178772 0.5050163269042969
5 0.5807077288627625 0.7268456220626831 0.130177304148674 0.3013634979724884 0.4862678050994873
7 0.5786043405532837 0.7255364060401917 0.12658271193504333 0.30027568340301514 0.41994625329971313
5 0.28454717993736267 0.7886250615119934 0.2794055938720703 0.41150954365730286 0.3839837908744812
2 0.8309658169746399 0.5420847535133362 0.04659538343548775 0.037261962890625 0.340778112411499
5 0.8079454302787781 0.8130738139152527 0.3165864944458008 0.357246071100235 0.27933269739151
2 0.5152059197425842 0.45309120416641235 0.02585611306130886 0.059266917407512665 0.26988378167152405
