7 0.1656281054019928 0.5660101175308228 0.19586649537086487 0.2474614530801773 0.8568795919418335
5 0.34525975584983826 0.536718487739563 0.08535289764404297 0.14685890078544617 0.5018330216407776
7 0.3457410931587219 0.5373479127883911 0.0845145732164383 0.14614325761795044 0.4883824288845062
7 0.3677371144294739 0.693178117275238 0.12809839844703674 0.2202763855457306 0.4473723769187927
2 0.5402083396911621 0.4892768859863281 0.029033279046416283 0.05027550458908081 0.39380407333374023
0 0.682786762714386 0.6085765361785889 0.01851043663918972 0.05832146480679512 0.3815741539001465
0 0.5833132863044739 0.48183661699295044 0.00941314734518528 0.02923278883099556 0.35183802247047424
2 0.4444194734096527 0.4380839765071869 0.01807098463177681 0.042064156383275986 0.26590418815612793
2 0.44713568687438965 0.4832896888256073 0.022011470049619675 0.03472934290766716 0.2622458040714264
5 0.40208786725997925 0.43591421842575073 0.038721464574337006 0.06128319725394249 0.25919461250305176
