7 0.1670697182416916 0.5750188231468201 0.19367265701293945 0.25183188915252686 0.8175287842750549
2 0.5918045043945312 0.6048939824104309 0.05020942538976669 0.07828767597675323 0.6216220259666443
7 0.43197542428970337 0.5183247327804565 0.04756660386919975 0.085837721824646 0.45631611347198486
2 0.4317416250705719 0.5203018188476562 0.049688149243593216 0.0856085866689682 0.3752838671207428
2 0.5868890881538391 0.5095008611679077 0.027393722906708717 0.03864644467830658 0.3126131594181061
7 0.40863776206970215 0.4610159993171692 0.04464397579431534 0.09205373376607895 0.30218204855918884
2 0.8272287249565125 0.5420820713043213 0.04780254513025284 0.04631907120347023 0.29619312286376953
0 0.6518460512161255 0.5599756240844727 0.012875938788056374 0.045349035412073135 0.290032297372818
7 0.7825671434402466 0.5276095867156982 0.11855907738208771 0.10894673317670822 0.28656312823295593
0 0.2862832546234131 0.5978953838348389 0.01544332504272461 0.05805867537856102 0.28084897994995117
