7 0.16887742280960083 0.5736839175224304 0.19615495204925537 0.25010818243026733 0.8362511396408081
5 0.5677839517593384 0.5003979206085205 0.05032949522137642 0.11616651713848114 0.547423779964447
2 0.4646376669406891 0.4154141843318939 0.025195693597197533 0.04330918937921524 0.515995442867279
7 0.5675899386405945 0.5009661912918091 0.050304509699344635 0.11499447375535965 0.4165160357952118
0 0.07799075543880463 0.8437142372131348 0.032874107360839844 0.09891289472579956 0.36096036434173584
3 0.07443114370107651 0.8950744867324829 0.04179883003234863 0.10747510939836502 0.31997984647750854
0 0.07622914761304855 0.8585042357444763 0.04012364149093628 0.11840531975030899 0.3151344656944275
3 0.0682530328631401 0.9009616374969482 0.0274360291659832 0.09581705927848816 0.3095802366733551
2 0.4086079001426697 0.4899137318134308 0.03937883302569389 0.0760413259267807 0.28285467624664307
7 0.40818601846694946 0.4906936287879944 0.038603972643613815 0.07605412602424622 0.2778930068016052
