7 0.16496507823467255 0.5686731934547424 0.19451093673706055 0.2535598874092102 0.8570725917816162
5 0.27800774574279785 0.6227777004241943 0.1427825391292572 0.25974664092063904 0.5504801273345947
5 0.6466246247291565 0.839735746383667 0.2506796717643738 0.30788952112197876 0.5312358140945435
2 0.5313107371330261 0.46674254536628723 0.025620650500059128 0.04128452017903328 0.4531802833080292
5 0.40189051628112793 0.4363498389720917 0.037978459149599075 0.06143595278263092 0.4158592224121094
2 0.4372366964817047 0.510227620601654 0.025980185717344284 0.04349009320139885 0.37427660822868347
7 0.8261969685554504 0.9037449359893799 0.20831279456615448 0.18378499150276184 0.34377676248550415
3 0.8349016308784485 0.7587069869041443 0.0312994010746479 0.06327955424785614 0.3072916865348816
0 0.8344303369522095 0.7410995364189148 0.03059082105755806 0.09251488745212555 0.2761593759059906
2 0.21450014412403107 0.9587615728378296 0.20636510848999023 0.08030751347541809 0.27023935317993164
