7 0.15581443905830383 0.5593236088752747 0.19938024878501892 0.24867698550224304 0.8435325622558594
2 0.5100995898246765 0.5464117527008057 0.03482341766357422 0.056036971509456635 0.6835347414016724
0 0.9147760272026062 0.8574249148368835 0.035403061658144 0.0829840749502182 0.41663146018981934
3 0.9165815114974976 0.9009138941764832 0.047631073743104935 0.08722890168428421 0.38099274039268494
7 0.5675749778747559 0.5306901931762695 0.03955554962158203 0.08429929614067078 0.3433883786201477
5 0.2043895274400711 0.8382843732833862 0.3149239122867584 0.30541399121284485 0.33099326491355896
0 0.6555582880973816 0.5716950297355652 0.014376163482666016 0.05234290286898613 0.30253225564956665
5 0.41668930649757385 0.4373817443847656 0.038321685045957565 0.07543385773897171 0.2807216942310333
7 0.4076971113681793 0.43798965215682983 0.0568116195499897 0.07502424716949463 0.27226734161376953
7 0.41635122895240784 0.4388103187084198 0.03809385374188423 0.07379082590341568 0.2665557861328125
