7 0.16931596398353577 0.5712834000587463 0.19567005336284637 0.2517024576663971 0.7751951813697815
2 0.3670063614845276 0.567278265953064 0.04751138761639595 0.0751122385263443 0.6336292624473572
7 0.44050461053848267 0.5088809728622437 0.05237732082605362 0.11425543576478958 0.47061094641685486
3 0.8230905532836914 0.7639473676681519 0.03425750881433487 0.0603095144033432 0.43085840344429016
2 0.5237680077552795 0.5134175419807434 0.03893432766199112 0.0874599888920784 0.35272061824798584
2 0.8298709988594055 0.5461997985839844 0.04743804782629013 0.041484322398900986 0.3358704447746277
3 0.16799083352088928 0.7019316554069519 0.029355620965361595 0.07921379804611206 0.33480924367904663
2 0.4404284954071045 0.5084338784217834 0.05086202546954155 0.11673397570848465 0.3086893856525421
7 0.5238963961601257 0.513553261756897 0.03932590410113335 0.08531477302312851 0.27823078632354736
7 0.40558749437332153 0.44184592366218567 0.0372655875980854 0.061760712414979935 0.26183539628982544
