7 0.1691216677427292 0.5724520087242126 0.19506049156188965 0.2537882626056671 0.8230705261230469
2 0.3432915508747101 0.6037646532058716 0.057978201657533646 0.09256778657436371 0.6631969213485718
2 0.5214601755142212 0.49463334679603577 0.033453941345214844 0.07576904445886612 0.5380297303199768
7 0.42748361825942993 0.5367224812507629 0.06741504371166229 0.14462806284427643 0.5370272994041443
3 0.11473894119262695 0.7715408205986023 0.03311014175415039 0.0905999094247818 0.41839399933815
3 0.7497825622558594 0.6703883409500122 0.0263214111328125 0.06950310617685318 0.3673323690891266
3 0.11018911749124527 0.7791072130203247 0.02606504037976265 0.08040890097618103 0.32681387662887573
0 0.7491174936294556 0.6673333048820496 0.02456035651266575 0.07208726555109024 0.27407923340797424
2 0.8310855627059937 0.5429326295852661 0.046205900609493256 0.0354546457529068 0.27025800943374634
7 0.4059418737888336 0.44343048334121704 0.036223508417606354 0.06218787282705307 0.25121554732322693
