7 0.16920140385627747 0.5701122879981995 0.19561441242694855 0.25362056493759155 0.7943333983421326
2 0.37914586067199707 0.5459536910057068 0.044440172612667084 0.06629833579063416 0.7177711725234985
3 0.8889724612236023 0.8344939947128296 0.04288520663976669 0.08294983208179474 0.48975706100463867
7 0.4439755380153656 0.4908082187175751 0.04672861099243164 0.10404747724533081 0.43381747603416443
7 0.525763988494873 0.5283056497573853 0.04254913330078125 0.09458652138710022 0.3811948001384735
3 0.8933855295181274 0.842191219329834 0.0372745506465435 0.06642337143421173 0.37814491987228394
2 0.8295804858207703 0.5448983311653137 0.04744148254394531 0.03981085866689682 0.2784416377544403
2 0.5259939432144165 0.5277563333511353 0.042513083666563034 0.09621336311101913 0.26415303349494934
7 0.4046246111392975 0.44233399629592896 0.03575573116540909 0.061967384070158005 0.26204025745391846
2 0.8291007876396179 0.5512969493865967 0.04763965681195259 0.056974370032548904 0.26052016019821167
