7 0.16562683880329132 0.5680761933326721 0.19489392638206482 0.25443580746650696 0.851110577583313
5 0.2750975489616394 0.6269547343254089 0.14667940139770508 0.2621415853500366 0.5465185046195984
5 0.6508814692497253 0.8372188806533813 0.24223728477954865 0.31303608417510986 0.5144805908203125
3 0.8303903341293335 0.7482768297195435 0.02967243269085884 0.07276831567287445 0.3814000189304352
0 0.8294786214828491 0.7319586277008057 0.028179550543427467 0.08611127734184265 0.3762877285480499
2 0.5295901298522949 0.4677579998970032 0.024605751037597656 0.03714141994714737 0.3710596263408661
5 0.40150824189186096 0.4361538290977478 0.03655242919921875 0.06052602082490921 0.358859658241272
7 0.8116748929023743 0.8967576622962952 0.203968808054924 0.19730257987976074 0.31292060017585754
2 0.43670183420181274 0.5118274092674255 0.0275250431150198 0.04400923103094101 0.3073778748512268
2 0.8317781686782837 0.5357489585876465 0.05670223385095596 0.040746647864580154 0.26694759726524353
