7 0.16555969417095184 0.5697987675666809 0.1937946379184723 0.24945975840091705 0.8377076983451843
3 0.18527914583683014 0.7143738865852356 0.0281082633882761 0.09234178066253662 0.5240628719329834
7 0.4052601754665375 0.5874797701835632 0.06824493408203125 0.11973699182271957 0.4522238075733185
7 0.38215371966362 0.4982127249240875 0.05699486657977104 0.11302167922258377 0.41003182530403137
2 0.5562173128128052 0.5275028347969055 0.03404693678021431 0.060677677392959595 0.38496658205986023
7 0.5571070909500122 0.5060204267501831 0.032865144312381744 0.09822981059551239 0.34494462609291077
2 0.5558158159255981 0.5079767107963562 0.03486023098230362 0.0989501103758812 0.3317454159259796
2 0.8271437883377075 0.5431616902351379 0.05222377926111221 0.05219879001379013 0.2762633264064789
0 0.6033772230148315 0.506743848323822 0.010381698608398438 0.04063771665096283 0.2662125825881958
2 0.4035288691520691 0.5868911147117615 0.06755025684833527 0.11890292912721634 0.262285053730011
