7 0.1663084477186203 0.5680402517318726 0.19623050093650818 0.2500918209552765 0.8282923698425293
7 0.39809709787368774 0.6059761643409729 0.08268332481384277 0.13162833452224731 0.550836980342865
0 0.15157870948314667 0.7543068528175354 0.03369917720556259 0.10324062407016754 0.3945038616657257
2 0.395797461271286 0.6062852740287781 0.07851262390613556 0.13116659224033356 0.39363303780555725
7 0.5509558916091919 0.4971332252025604 0.03158979490399361 0.0858357772231102 0.3866332173347473
0 0.7305083870887756 0.6707061529159546 0.02138538286089897 0.07083460688591003 0.37623459100723267
3 0.15024784207344055 0.7668823003768921 0.029607439413666725 0.0845981165766716 0.3516698479652405
2 0.5510203242301941 0.49682578444480896 0.03244428709149361 0.09069247543811798 0.29658931493759155
7 0.36657291650772095 0.5121614933013916 0.04513959959149361 0.11739366501569748 0.2956395745277405
0 0.5974748134613037 0.4992392659187317 0.009907817468047142 0.03297983855009079 0.2799319922924042
2 0.551112949848175 0.5099238157272339 0.03141012042760849 0.06441718339920044 0.2670776844024658
2 0.45354288816452026 0.4700617492198944 0.020627116784453392 0.02847154438495636 0.2573378384113312
