5 0.3475525379180908 0.6675427556037903 0.13772515952587128 0.32741478085517883 0.8714024424552917
7 0.15551719069480896 0.5561128258705139 0.19666466116905212 0.2504740357398987 0.8486669063568115
2 0.5264989137649536 0.6560863256454468 0.05723743513226509 0.09618360549211502 0.7062843441963196
7 0.5993698835372925 0.6026752591133118 0.0600733757019043 0.12196290493011475 0.6817609071731567
3 0.7847412824630737 0.718094527721405 0.02836132049560547 0.06813438981771469 0.37088048458099365
0 0.7846453785896301 0.7090342044830322 0.02930126152932644 0.0842304676771164 0.36079439520835876
2 0.5034402012825012 0.43302619457244873 0.021731281653046608 0.04718933254480362 0.3378511369228363
5 0.3966754078865051 0.4280857443809509 0.03950004652142525 0.05981326475739479 0.2957751452922821
5 0.4293346405029297 0.42910125851631165 0.023466968908905983 0.05900438129901886 0.2826789915561676
2 0.8212510347366333 0.5322626829147339 0.048368263989686966 0.032888200134038925 0.2514505684375763
