7 0.15702569484710693 0.5630523562431335 0.19897818565368652 0.24838121235370636 0.8418009877204895
3 0.8935844302177429 0.9024826884269714 0.052768707275390625 0.09496137499809265 0.5944254398345947
2 0.5048432350158691 0.4964993894100189 0.02450885809957981 0.0388878732919693 0.5867468118667603
7 0.5513592958450317 0.49295127391815186 0.028757762163877487 0.06660240888595581 0.4044322073459625
7 0.40220046043395996 0.4519043266773224 0.04904966428875923 0.0983719751238823 0.3935234844684601
2 0.5516854524612427 0.49426552653312683 0.028179550543427467 0.06342162936925888 0.37443792819976807
5 0.40240907669067383 0.45525479316711426 0.04802663251757622 0.09151865541934967 0.3613584339618683
0 0.6970121264457703 0.6325540542602539 0.01837158203125 0.061784617602825165 0.33883392810821533
0 0.6030993461608887 0.5137016773223877 0.010100173763930798 0.03662024438381195 0.2858389914035797
3 0.6975394487380981 0.6341962218284607 0.02065258100628853 0.06296980381011963 0.2546633183956146
