7 0.16658347845077515 0.5690692067146301 0.19586732983589172 0.25182631611824036 0.8319928646087646
7 0.3984711766242981 0.6131845116615295 0.0862666592001915 0.14365734159946442 0.4971741735935211
0 0.725127100944519 0.6635235548019409 0.021917153149843216 0.07158779352903366 0.406392902135849
2 0.3949040174484253 0.6135185360908508 0.0809713825583458 0.14179246127605438 0.36928197741508484
7 0.3636873662471771 0.5124409198760986 0.0456632599234581 0.11504855751991272 0.35157454013824463
7 0.5503205060958862 0.49620023369789124 0.03236808627843857 0.08318718522787094 0.3324829339981079
0 0.5955392718315125 0.4957541227340698 0.009080886840820312 0.033132679760456085 0.2976047694683075
2 0.5502554774284363 0.4949442446231842 0.0324060432612896 0.08974778652191162 0.2766738533973694
3 0.14174357056617737 0.7704825401306152 0.03153996542096138 0.10161590576171875 0.25632014870643616
2 0.45263034105300903 0.4698490500450134 0.02104663848876953 0.03296780213713646 0.25504180788993835
2 0.5502721071243286 0.5099470615386963 0.032155800610780716 0.060324519872665405 0.2549550533294678
