7 0.16441762447357178 0.5667807459831238 0.19312119483947754 0.2503419518470764 0.8523492217063904
5 0.2870974838733673 0.6115745902061462 0.13448448479175568 0.24590717256069183 0.8094247579574585
2 0.23012986779212952 0.9276014566421509 0.21261319518089294 0.1381140798330307 0.637351930141449
5 0.6414893269538879 0.854095995426178 0.2591375410556793 0.27871161699295044 0.583158552646637
2 0.43775802850723267 0.5101016759872437 0.025324154645204544 0.0404680036008358 0.5279744267463684
5 0.40178900957107544 0.4363294839859009 0.03794221952557564 0.06171417236328125 0.37004774808883667
0 0.6424351930618286 0.5583943724632263 0.014767264947295189 0.04834781214594841 0.36398443579673767
2 0.5319916009902954 0.46314147114753723 0.0265031810849905 0.051322344690561295 0.32849934697151184
2 0.3307592272758484 0.4684377908706665 0.03385620191693306 0.0477583147585392 0.2862194776535034
7 0.8587228059768677 0.923123836517334 0.23046055436134338 0.14111091196537018 0.27911272644996643
3 0.8500860333442688 0.7621740698814392 0.03308868408203125 0.08986154943704605 0.25861817598342896
