7 0.16555705666542053 0.5659553408622742 0.19598929584026337 0.24752849340438843 0.8502659201622009
7 0.3711191713809967 0.6827744841575623 0.12408275902271271 0.22330619394779205 0.5865697860717773
0 0.6859882473945618 0.6138846278190613 0.017942428588867188 0.05962880328297615 0.5451467037200928
5 0.3487631678581238 0.5336180925369263 0.08323550224304199 0.1476818472146988 0.45211827754974365
7 0.3487321138381958 0.5344988703727722 0.08319239318370819 0.14738328754901886 0.4338274896144867
0 0.584382176399231 0.48273229598999023 0.009097481146454811 0.02970835380256176 0.34434688091278076
2 0.4447692930698395 0.4375666677951813 0.018075942993164062 0.041080646216869354 0.30873584747314453
2 0.5407683253288269 0.48991477489471436 0.02876872941851616 0.05265503004193306 0.28953349590301514
0 0.02450704574584961 0.8964637517929077 0.047746442258358 0.1228485107421875 0.2861635982990265
2 0.4474373459815979 0.48417896032333374 0.022100258618593216 0.03230048343539238 0.26824384927749634
5 0.402232825756073 0.43559765815734863 0.03870847076177597 0.06130388006567955 0.25623592734336853
