7 0.16851529479026794 0.5699493288993835 0.19701333343982697 0.24894645810127258 0.8194547891616821
2 0.3338797986507416 0.6178257465362549 0.06392278522253036 0.10032162070274353 0.8013710379600525
7 0.42566385865211487 0.5476706624031067 0.06948356330394745 0.1631656289100647 0.6470365524291992
2 0.5204706192016602 0.48964056372642517 0.03258075565099716 0.07854190468788147 0.5182075500488281
3 0.7334055304527283 0.6691908836364746 0.023384952917695045 0.034867774695158005 0.4535050392150879
3 0.09216807782649994 0.802546501159668 0.0329129695892334 0.08439992368221283 0.3957410156726837
3 0.09465274959802628 0.7909050583839417 0.035489510744810104 0.0849677175283432 0.3268134891986847
0 0.7327326536178589 0.6451007127761841 0.018203163519501686 0.06314697116613388 0.31364700198173523
2 0.8306647539138794 0.5422293543815613 0.04523906856775284 0.033145565539598465 0.26603129506111145
3 0.7329158782958984 0.6545398235321045 0.0215301513671875 0.061040665954351425 0.2607554793357849
2 0.4056500494480133 0.4436545968055725 0.03556022793054581 0.06306364387273788 0.25879138708114624
