7 0.16917601227760315 0.5708947777748108 0.19535930454730988 0.25150707364082336 0.793045163154602
2 0.354561984539032 0.587336003780365 0.0567869171500206 0.08506207168102264 0.6623145937919617
3 0.13904063403606415 0.746368944644928 0.030579710379242897 0.07503462582826614 0.5283477306365967
2 0.4332659840583801 0.5263741612434387 0.055535126477479935 0.130482479929924 0.5012808442115784
3 0.7761740684509277 0.7100826501846313 0.029570961371064186 0.055169422179460526 0.4657110869884491
7 0.4338424801826477 0.5260884165763855 0.05733184888958931 0.13208067417144775 0.4587414264678955
7 0.5225321054458618 0.5016299486160278 0.0352751724421978 0.0798017680644989 0.35925373435020447
2 0.5225226283073425 0.5007731318473816 0.03454132005572319 0.07928941398859024 0.3034733235836029
3 0.775623619556427 0.6945124268531799 0.028822898864746094 0.08276332914829254 0.2894185185432434
0 0.775455892086029 0.6890556216239929 0.02585430070757866 0.06963195651769638 0.288057804107666
2 0.8311797976493835 0.5434272885322571 0.04637107998132706 0.03686099499464035 0.2837948501110077
