7 0.1658310890197754 0.5694780945777893 0.1947278529405594 0.24912838637828827 0.8223251700401306
2 0.554878830909729 0.5259376168251038 0.03405437618494034 0.05649108812212944 0.5531742572784424
7 0.4041196405887604 0.5905141234397888 0.06970014423131943 0.12544868886470795 0.4863840937614441
5 0.38002315163612366 0.499231219291687 0.056128788739442825 0.1167246475815773 0.483365535736084
3 0.17766094207763672 0.7264484167098999 0.028753042221069336 0.09225332736968994 0.4357479512691498
3 0.7485463619232178 0.6973190903663635 0.027576159685850143 0.07598520815372467 0.3866810202598572
3 0.7494994401931763 0.7156289219856262 0.026518821716308594 0.04169159010052681 0.3456883728504181
0 0.7477682828903198 0.6931933760643005 0.024826716631650925 0.07149776816368103 0.3397415578365326
2 0.8270540237426758 0.5414106845855713 0.052123259752988815 0.048682063817977905 0.32431086897850037
0 0.6019595861434937 0.5048733353614807 0.010636711493134499 0.03878512978553772 0.2921110987663269
7 0.5555818676948547 0.5076590776443481 0.032733917236328125 0.08664000034332275 0.2716206908226013
2 0.4022492468357086 0.5910047888755798 0.06956148147583008 0.12376336008310318 0.26848477125167847
