7 0.1664765179157257 0.5722724199295044 0.19404061138629913 0.2529493570327759 0.8256247043609619
2 0.5666112899780273 0.5521306395530701 0.03828926011919975 0.06201799213886261 0.5774023532867432
7 0.41972750425338745 0.5570880174636841 0.06469621509313583 0.10596991330385208 0.44132375717163086
2 0.5676162242889404 0.48695576190948486 0.02518138848245144 0.03387570008635521 0.39124637842178345
3 0.22937791049480438 0.6632947325706482 0.023178720846772194 0.07592332363128662 0.390866219997406
2 0.41650956869125366 0.5576501488685608 0.05912179872393608 0.10608842968940735 0.32832005620002747
2 0.8260452151298523 0.546461284160614 0.05087452009320259 0.056746672838926315 0.32593995332717896
3 0.8078320622444153 0.7831987142562866 0.03228950500488281 0.0818328857421875 0.31832680106163025
7 0.3902510106563568 0.48501157760620117 0.04274492338299751 0.09249411523342133 0.29615655541419983
0 0.6172157526016235 0.5227429866790771 0.011945629492402077 0.03925967589020729 0.28780853748321533
