7 0.16915392875671387 0.5706504583358765 0.1955890655517578 0.25031161308288574 0.7842130661010742
2 0.3607974648475647 0.5762684345245361 0.05171375349164009 0.07958577573299408 0.6386321187019348
3 0.7976458072662354 0.7229028344154358 0.03261594846844673 0.08238847553730011 0.5004921555519104
7 0.43745049834251404 0.5162872076034546 0.0542108528316021 0.12478145956993103 0.4670199751853943
3 0.15462557971477509 0.7246360182762146 0.029537200927734375 0.07544538378715515 0.4359232187271118
2 0.5225753784179688 0.5085394978523254 0.03649101406335831 0.08593715727329254 0.3369578719139099
2 0.4374609887599945 0.533078670501709 0.05109558254480362 0.09059125930070877 0.31802690029144287
7 0.5231219530105591 0.5090012550354004 0.037175752222537994 0.08427353203296661 0.31002190709114075
2 0.8307077288627625 0.543370246887207 0.04590415954589844 0.035250090062618256 0.29280757904052734
7 0.40570488572120667 0.4421751797199249 0.037563107907772064 0.06192576140165329 0.2745726704597473
