7 0.16563746333122253 0.5696779489517212 0.19410467147827148 0.24984054267406464 0.8261581063270569
2 0.5555645227432251 0.5267027020454407 0.03430299833416939 0.057487402111291885 0.521744430065155
3 0.18151405453681946 0.7202216982841492 0.026961470022797585 0.08902926743030548 0.4945492744445801
7 0.4043563902378082 0.5889708995819092 0.06803874671459198 0.12199054658412933 0.41910675168037415
5 0.37885838747024536 0.4985415041446686 0.0522276870906353 0.11398442834615707 0.4185406565666199
3 0.7518193125724792 0.7009915113449097 0.026439666748046875 0.07781761884689331 0.39098864793777466
7 0.38040053844451904 0.4983704388141632 0.05491051822900772 0.11369221657514572 0.35942739248275757
7 0.5565561056137085 0.5055264234542847 0.03271598741412163 0.09503631293773651 0.30857691168785095
0 0.7513535022735596 0.6967707872390747 0.02425394020974636 0.07386016845703125 0.30500829219818115
0 0.6026913523674011 0.5055137872695923 0.010088920593261719 0.039721593260765076 0.3047339618206024
2 0.8270965814590454 0.5429315567016602 0.052060317248106 0.051892343908548355 0.2961522340774536
2 0.5556374788284302 0.5058699250221252 0.03288764879107475 0.09929995983839035 0.26815512776374817
2 0.40273937582969666 0.5888537764549255 0.06771393120288849 0.12115546315908432 0.2579617500305176
