7 0.1658598631620407 0.565871000289917 0.1946651041507721 0.25022023916244507 0.8294891715049744
7 0.3845074474811554 0.6448455452919006 0.09316506236791611 0.16200417280197144 0.5651406645774841
2 0.546661376953125 0.49171414971351624 0.031026458367705345 0.07739511877298355 0.454509437084198
3 0.09847362339496613 0.8074949383735657 0.03802598640322685 0.10178425908088684 0.4419704079627991
0 0.7060884237289429 0.6404579877853394 0.021083641797304153 0.06529057770967484 0.3744984567165375
7 0.35743531584739685 0.5198130011558533 0.058902740478515625 0.13122965395450592 0.37018296122550964
3 0.7061198949813843 0.6404551863670349 0.02126922644674778 0.06493937224149704 0.3555298447608948
3 0.09008313715457916 0.8523659706115723 0.023512637242674828 0.07405531406402588 0.3072793483734131
3 0.09775029867887497 0.8248566389083862 0.038034118711948395 0.10374671220779419 0.2975303530693054
2 0.44977402687072754 0.4747060537338257 0.02069549635052681 0.031855348497629166 0.2538391351699829
