7 0.1692417412996292 0.5705524682998657 0.1952987164258957 0.25047555565834045 0.7701138257980347
2 0.3585917353630066 0.5801383852958679 0.052687741816043854 0.08179160207509995 0.6988323926925659
7 0.43562787771224976 0.5193051695823669 0.055410005152225494 0.1271306425333023 0.510936439037323
3 0.7882655262947083 0.7215285301208496 0.02882556989789009 0.06268971413373947 0.4793141782283783
3 0.7874035835266113 0.7094640731811523 0.030190467834472656 0.08634160459041595 0.44402363896369934
3 0.14804556965827942 0.7299802303314209 0.030371403321623802 0.08293694257736206 0.38064977526664734
2 0.5228908061981201 0.5055392980575562 0.036463070660829544 0.08330264687538147 0.3454058766365051
7 0.5228800773620605 0.5055578351020813 0.03611326217651367 0.08265821635723114 0.3355754613876343
7 0.40567177534103394 0.44291096925735474 0.03780024126172066 0.0634000152349472 0.2931891679763794
2 0.8311836123466492 0.5438147783279419 0.04652519151568413 0.03810611367225647 0.28259509801864624
