5 0.34623318910598755 0.674103319644928 0.1396762877702713 0.33232471346855164 0.8507781624794006
7 0.15554478764533997 0.5560030937194824 0.19680781662464142 0.25055381655693054 0.8507289886474609
2 0.5263358354568481 0.6508653163909912 0.056859396398067474 0.09290313720703125 0.7042310833930969
7 0.5977180600166321 0.6010023355484009 0.060118772089481354 0.11791127175092697 0.6534391045570374
3 0.7794041633605957 0.7060967087745667 0.027365494519472122 0.07952355593442917 0.38572928309440613
0 0.7798064947128296 0.7028743028640747 0.025621986016631126 0.07822553813457489 0.3482963740825653
2 0.5033809542655945 0.4327670633792877 0.021402548998594284 0.04684465378522873 0.33958616852760315
5 0.42891907691955566 0.4296770393848419 0.024109840393066406 0.05852372944355011 0.3057539165019989
5 0.39551812410354614 0.42907434701919556 0.039124488830566406 0.06066402792930603 0.29668834805488586
2 0.3932110667228699 0.43482235074043274 0.03387107700109482 0.04830678179860115 0.2621461749076843
7 0.7635201215744019 0.5162321925163269 0.09591617435216904 0.10243953764438629 0.2604805827140808
2 0.8211771249771118 0.5323122143745422 0.04849820211529732 0.03322431817650795 0.2565903961658478
