7 0.16911521553993225 0.5627859234809875 0.1985163688659668 0.24989081919193268 0.5039966702461243
2 0.45267391204833984 0.46660131216049194 0.03877582401037216 0.0717196986079216 0.4352837800979614
7 0.1399328112602234 0.7989456057548523 0.24245980381965637 0.38820087909698486 0.4143960773944855
2 0.4045032858848572 0.5101713538169861 0.03491487354040146 0.04374542087316513 0.3925405442714691
5 0.40366458892822266 0.4420633912086487 0.036446165293455124 0.059799108654260635 0.3403797745704651
7 0.19549259543418884 0.5255330204963684 0.14228956401348114 0.17145606875419617 0.3382871150970459
7 0.12583473324775696 0.5915201902389526 0.10795126110315323 0.19634586572647095 0.3367781639099121
2 0.08569888770580292 0.9159292578697205 0.16037893295288086 0.16529473662376404 0.32073521614074707
7 0.5364152193069458 0.5857547521591187 0.06287412345409393 0.13398590683937073 0.2885827124118805
5 0.13857989013195038 0.7985054850578308 0.24600043892860413 0.3879728615283966 0.260024756193161
2 0.8280040621757507 0.547999918460846 0.04816169664263725 0.05570373684167862 0.2554645538330078
2 0.828784167766571 0.5412320494651794 0.046640776097774506 0.03897416964173317 0.2544625699520111
