7 0.16915583610534668 0.5701004862785339 0.19548849761486053 0.2524159848690033 0.7641154527664185
2 0.37614530324935913 0.5515320897102356 0.0441373810172081 0.0692632868885994 0.7072816491127014
3 0.8692885637283325 0.8108561038970947 0.041219331324100494 0.07837219536304474 0.5279719829559326
7 0.4428270757198334 0.49626925587654114 0.0468786247074604 0.11124394834041595 0.4100988805294037
7 0.5253540873527527 0.5233784914016724 0.04183159023523331 0.09188605099916458 0.3591131269931793
2 0.525703489780426 0.5233927369117737 0.041471101343631744 0.09185587614774704 0.32877597212791443
2 0.8298314213752747 0.5441358685493469 0.04741363599896431 0.038563113659620285 0.28725242614746094
0 0.8694450259208679 0.7636331915855408 0.018236160278320312 0.04226074367761612 0.27416470646858215
2 0.8292590379714966 0.5499651432037354 0.047713469713926315 0.05431908369064331 0.2570287883281708
3 0.19170531630516052 0.6787256598472595 0.026529693976044655 0.06847059726715088 0.2503393590450287
